bach_all, alkan_all
acc: 0.8116666666666666
vms: 0.12062147211695878
nmi: 0.12070353539822574
ari: 0.2699496771964292
