beethoven_all, bach_all
acc: 0.6686950642325896
vms: 0.0017903843530222361
nmi: 0.004087941433356402
ari: -0.0033795185178493795
