beethoven_all, alkan_all
acc: 0.6182873730043541
vms: 0.003999742434671605
nmi: 0.004000146937562686
ari: 0.02364180365636516
