brahms_all, beethoven_all
acc: 0.7761194029850746
vms: 0.23425489451382558
nmi: 0.2366181278874064
ari: 0.2870058620476596
