brahms_all, bach_all
acc: 0.8824057450628366
vms: 0.3658685966485436
nmi: 0.37390621093796456
ari: 0.4775138556830092
