brahms_all, alkan_all
acc: 0.7469135802469136
vms: 0.19583322199557265
nmi: 0.19589804478097775
ari: 0.24158697492822184
