buxtehude_all, alkan_all
acc: 0.5126353790613718
vms: 0.09046793843668399
nmi: 0.0904727019464947
ari: -0.06330587607710454
