buxtehude_all, bach_all
acc: 0.92970946579194
vms: 0.017884416608328572
nmi: 0.024114961944853904
ari: 0.055394568548839895
