buxtehude_all, beethoven_all
acc: 0.8723021582733813
vms: 0.01850192057291442
nmi: 0.05176437828624786
ari: 0.02040535233226706
