buxtehude_all, brahms_all
acc: 0.9633507853403142
vms: 0.7655379767755208
nmi: 0.7655394136801122
ari: 0.8576324258951532
