byrd_all, alkan_all
acc: 0.9804560260586319
vms: 0.8724994672439647
nmi: 0.8725427336285866
ari: 0.9223789552024421
