byrd_all, beethoven_all
acc: 0.8242320819112628
vms: 0.0013757914527735022
nmi: 0.00428325234350408
ari: -0.0026802420472361596
