byrd_all, buxtehude_all
acc: 0.5977011494252874
vms: 0.027631989723791748
nmi: 0.04962019221033818
ari: 0.00983319846907549
