byrd_all, bach_all
acc: 0.9006381039197813
vms: 0.00359105798491274
nmi: 0.005716759530827605
ari: -0.010777408916620206
