chopin_all, byrd_all
acc: 0.9921875
vms: 0.9404204837969979
nmi: 0.9404229576237129
ari: 0.96883588535532
