chopin_all, buxtehude_all
acc: 0.6902654867256637
vms: 0.03017999366352135
nmi: 0.05733670846703088
ari: 0.02021030239862846
