chopin_all, brahms_all
acc: 0.9010989010989011
vms: 0.533489722738351
nmi: 0.5334920317342502
ari: 0.6421889849050766
