chopin_all, beethoven_all
acc: 0.6943573667711599
vms: 0.047331472295098174
nmi: 0.04740561411072955
ari: 0.11562415266474517
