chopin_all, alkan_all
acc: 0.5598885793871866
vms: 0.004280191681092412
nmi: 0.004283796736924774
ari: 0.009473137201594586
