chopin_all, bach_all
acc: 0.8607484769364665
vms: 0.003532745060451166
nmi: 0.006644448429643458
ari: -0.008532029411074072
