dandrieu_all, bach_all
acc: 0.9338374291115312
vms: 0.003070150059967499
nmi: 0.004300441694648351
ari: -0.011222631067720349
