dandrieu_all, buxtehude_all
acc: 0.5111111111111111
vms: 0.03558630599469863
nmi: 0.05229420799116138
ari: -0.0042299580558782844
