dandrieu_all, brahms_all
acc: 0.9725274725274725
vms: 0.8162341565500335
nmi: 0.8162577674623606
ari: 0.8918560207421565
