dandrieu_all, byrd_all
acc: 0.9939393939393939
vms: 0.9510186182279851
nmi: 0.9510207814248213
ari: 0.9757034036127046
