dandrieu_all, beethoven_all
acc: 0.8829981718464351
vms: 0.0012085723187823549
nmi: 0.003242363180349537
ari: -0.003147043946488196
