dandrieu_all, chopin_all
acc: 0.9723502304147466
vms: 0.807508437843726
nmi: 0.8075749219238261
ari: 0.8892488472240252
