dandrieu_all, alkan_all
acc: 0.5223880597014925
vms: 0.11293501455336624
nmi: 0.11294831669239155
ari: -0.07566434858733402
