debussy_all, chopin_all
acc: 0.5195195195195195
vms: 0.029022946071504185
nmi: 0.04538662844592417
ari: -0.003946801210802784
