debussy_all, beethoven_all
acc: 0.9110105580693816
vms: 0.5034801720362907
nmi: 0.5034911333001866
ari: 0.6591201404170968
