debussy_all, brahms_all
acc: 0.87248322147651
vms: 0.46113812547881833
nmi: 0.46117470389932813
ari: 0.5534242679474575
