debussy_all, buxtehude_all
acc: 0.7171314741035857
vms: 0.015976654341569276
nmi: 0.0400236001446939
ari: 0.011800673179946604
