debussy_all, dandrieu_all
acc: 0.9917355371900827
vms: 0.9184241335044935
nmi: 0.9184241335044935
ari: 0.9652979274850327
