debussy_all, bach_all
acc: 0.9463373083475298
vms: 0.5484435532531888
nmi: 0.548707193610465
ari: 0.7279029198804917
