debussy_all, byrd_all
acc: 0.99644128113879
vms: 0.9679592148765328
nmi: 0.9679603102652499
ari: 0.9856953802498611
