debussy_all, alkan_all
acc: 0.5494791666666666
vms: 0.03129113880200973
nmi: 0.051178341092093384
ari: 0.005354375989024656
