dvorak_all, debussy_all
acc: 0.7886178861788617
vms: 0.1499593404063887
nmi: 0.15517888531204813
ari: 0.2357308539469274
