dvorak_all, beethoven_all
acc: 0.8765880217785844
vms: 0.0012287431912901198
nmi: 0.0033610705357462606
ari: -0.0030972499227598436
