dvorak_all, buxtehude_all
acc: 0.9496402877697842
vms: 0.7124574706985196
nmi: 0.7124575424907497
ari: 0.8073139889892142
