dvorak_all, dandrieu_all
acc: 0.9692307692307692
vms: 0.8073407062606566
nmi: 0.8073407533753458
ari: 0.8797789957174873
