dvorak_all, chopin_all
acc: 0.8190045248868778
vms: 0.273638778617527
nmi: 0.2775879332517505
ari: 0.35939772079407073
