dvorak_all, alkan_all
acc: 0.6764705882352942
vms: 0.06776322599049496
nmi: 0.0680464894790437
ari: 0.11184941090102668
