dvorak_all, byrd_all
acc: 0.9881656804733728
vms: 0.916511662742684
nmi: 0.9165187668647229
ari: 0.9528610024597766
