dvorak_all, brahms_all
acc: 0.5913978494623656
vms: 0.004115615310897369
nmi: 0.004119740987406157
ari: 0.015175307310181864
