faure_all, dvorak_all
acc: 0.6187050359712231
vms: 0.06270042772560407
nmi: 0.06350940041249432
ari: 0.05150919634588347
