faure_all, brahms_all
acc: 0.5759162303664922
vms: 1.7741171371269418e-06
nmi: 1.7939144983548805e-06
ari: -0.0028304201400011168
