faure_all, bach_all
acc: 0.9268978444236177
vms: 0.0027962784277961086
nmi: 0.004252831121755047
ari: -0.009683473313400538
