faure_all, debussy_all
acc: 0.6892430278884463
vms: 0.023023636205088818
nmi: 0.03152253593401985
ari: -0.02613412834723016
