faure_all, byrd_all
acc: 0.9655172413793104
vms: 0.8123117587383084
nmi: 0.8123590780722031
ari: 0.8658845589091735
