faure_all, dandrieu_all
acc: 0.9481481481481482
vms: 0.7255588776554069
nmi: 0.7255597913087576
ari: 0.8018751105607642
