faure_all, chopin_all
acc: 0.5221238938053098
vms: 0.09952627639578326
nmi: 0.09980112183599871
ari: -0.040817431016335295
