faure_all, beethoven_all
acc: 0.8687050359712231
vms: 0.0012527623839702553
nmi: 0.0035049586171908994
ari: -0.003035506958518827
