faure_all, buxtehude_all
acc: 0.9027777777777778
vms: 0.5602606497651855
nmi: 0.5602662771195726
ari: 0.646478092671477
