faure_all, alkan_all
acc: 0.631768953068592
vms: 0.031444328867772174
nmi: 0.03154940571813087
ari: 0.05898273932639394
