handel_all, dandrieu_all
acc: 0.5878962536023055
vms: 0.15044441598370634
nmi: 0.15289947106582483
ari: 0.018520158550821186
