handel_all, faure_all
acc: 0.9550561797752809
vms: 0.66974580766015
nmi: 0.6706594416857049
ari: 0.7963606019004549
