handel_all, byrd_all
acc: 0.5699481865284974
vms: 0.1947776102546059
nmi: 0.1948773291086442
ari: -0.01629068952699433
