handel_all, dvorak_all
acc: 0.9658119658119658
vms: 0.7144726785423636
nmi: 0.7147337532260013
ari: 0.8420692182394417
