handel_all, bach_all
acc: 0.7724784988272088
vms: 0.004893146429738659
nmi: 0.01028002117809445
ari: -0.007644662915185736
