handel_all, beethoven_all
acc: 0.62890625
vms: 0.00179927958532913
nmi: 0.007430465170843004
ari: -0.0010757021607979184
