handel_all, alkan_all
acc: 0.5787321063394683
vms: 0.003203286745609057
nmi: 0.011126902972270553
ari: -0.0011374757632326537
