handel_all, brahms_all
acc: 0.9627791563275434
vms: 0.7654161397328106
nmi: 0.7656726040178994
ari: 0.8508006606492715
