handel_all, debussy_all
acc: 0.9740820734341252
vms: 0.8350942028867515
nmi: 0.8351228413921793
ari: 0.8984412212360801
