handel_all, chopin_all
acc: 0.952054794520548
vms: 0.7289278449767665
nmi: 0.7290941575014955
ari: 0.8147945095668528
