handel_all, buxtehude_all
acc: 0.8033707865168539
vms: 0.03359980634955731
nmi: 0.06839339977784797
ari: 0.032746916676546875
