haydn_all, dvorak_all
acc: 0.8188824662813102
vms: 0.1526513386179912
nmi: 0.15470212712725476
ari: 0.28819872163306176
