haydn_all, alkan_all
acc: 0.6834094368340944
vms: 0.03335842889180933
nmi: 0.033489194535228466
ari: 0.09194198969939428
