haydn_all, brahms_all
acc: 0.8633975481611208
vms: 0.4223675179441532
nmi: 0.4246419403671026
ari: 0.5069520043286599
