haydn_all, beethoven_all
acc: 0.5523504273504274
vms: 0.01829987110514964
nmi: 0.018461425079943007
ari: 0.009874055948430284
