haydn_all, debussy_all
acc: 0.9635499207606973
vms: 0.7795978734649383
nmi: 0.7800004438484945
ari: 0.8523066467463277
