haydn_all, chopin_all
acc: 0.8828382838283828
vms: 0.4637362302078868
nmi: 0.4708573362451623
ari: 0.5254878965570192
