haydn_all, faure_all
acc: 0.8263358778625954
vms: 0.22487229259610553
nmi: 0.22841615734656695
ari: 0.34453010140955187
