haydn_all, dandrieu_all
acc: 0.7320388349514563
vms: 0.03623451037903823
nmi: 0.036307618346424875
ari: -0.09092526266134816
