haydn_all, buxtehude_all
acc: 0.8664122137404581
vms: 0.03584352188762007
nmi: 0.07610212267009406
ari: 0.03964980294434898
