haydn_all, byrd_all
acc: 0.6787003610108303
vms: 0.06902803789765703
nmi: 0.06930072551384743
ari: -0.10507536509202615
