haydn_all, handel_all
acc: 0.6154891304347826
vms: 0.0038254984148891557
nmi: 0.015608710869838217
ari: 0.0016070033653618
