haydn_all, bach_all
acc: 0.6413268832066344
vms: 0.001023567999839336
nmi: 0.001041473487844141
ari: 0.012509850012989498
