mozart_all, haydn_all
acc: 0.5781818181818181
vms: 0.012748197297972623
nmi: 0.012868833241880432
ari: 0.020772290224579222
