mozart_all, debussy_all
acc: 0.8931159420289855
vms: 0.49525581767222465
nmi: 0.4953784412445374
ari: 0.6143471914393033
