mozart_all, faure_all
acc: 0.5820224719101124
vms: 0.14503053300547838
nmi: 0.14845664307694498
ari: 0.01671664577488637
