mozart_all, alkan_all
acc: 0.5363321799307958
vms: 0.11643843726034125
nmi: 0.11746121891206217
ari: -0.027216698818240296
