mozart_all, brahms_all
acc: 0.9146341463414634
vms: 0.5335222460437821
nmi: 0.5339449194937026
ari: 0.6713251265934745
