mozart_all, bach_all
acc: 0.6922514619883041
vms: 0.019286452958086352
nmi: 0.019366321150182733
ari: 0.07469759571993433
