mozart_all, chopin_all
acc: 0.8538899430740038
vms: 0.3382960280786894
nmi: 0.3382963588746434
ari: 0.48463316051928335
