mozart_all, dvorak_all
acc: 0.7045454545454546
vms: 0.17246285529079944
nmi: 0.17718207401885697
ari: 0.1560568892229971
