mozart_all, buxtehude_all
acc: 0.8426966292134831
vms: 0.03495432447720846
nmi: 0.07300183251178806
ari: 0.037060616968575856
