mozart_all, dandrieu_all
acc: 0.5527522935779816
vms: 0.09298331557680563
nmi: 0.09486091096166603
ari: -0.07023414939744213
