mozart_all, byrd_all
acc: 0.7536842105263157
vms: 0.3332635135739465
nmi: 0.3365984434913701
ari: 0.2548972909198186
