mozart_all, beethoven_all
acc: 0.5099183197199533
vms: 0.007735993547725615
nmi: 0.0077720311837949
ari: -0.004621446409819907
