mozart_all, handel_all
acc: 0.5692541856925418
vms: 0.0036761880453317058
nmi: 0.01447722509515429
ari: 0.0009538739026802229
