scarlatti_all, dandrieu_all
acc: 0.9854368932038835
vms: 0.8282647544959548
nmi: 0.8290808884030372
ari: 0.9084327902188213
