scarlatti_all, buxtehude_all
acc: 0.8883572567783095
vms: 0.036734719106014516
nmi: 0.07927208310794548
ari: 0.04203729080595508
