scarlatti_all, brahms_all
acc: 0.9910979228486647
vms: 0.9014519656763865
nmi: 0.9014933431922209
ari: 0.9575183765304335
