scarlatti_all, alkan_all
acc: 0.9868421052631579
vms: 0.8915662075924875
nmi: 0.891599765351682
ari: 0.9457952375734071
