scarlatti_all, haydn_all
acc: 0.9900695134061569
vms: 0.9244708402913557
nmi: 0.9244713910611786
ari: 0.9606310018346362
