scarlatti_all, bach_all
acc: 0.92
vms: 0.6335616533192222
nmi: 0.633721704935813
ari: 0.7049141266110096
