scarlatti_all, dvorak_all
acc: 0.9839228295819936
vms: 0.805109304979209
nmi: 0.8056651314676548
ari: 0.9019423758800776
