scarlatti_all, beethoven_all
acc: 0.9634263715110684
vms: 0.7799974112846245
nmi: 0.7799997581761609
ari: 0.8589147463536401
