scarlatti_all, debussy_all
acc: 0.9904632152588556
vms: 0.911009734233688
nmi: 0.9110306699324973
ari: 0.959546659803996
