scarlatti_all, byrd_all
acc: 0.832572298325723
vms: 0.0007878201912358969
nmi: 0.0010902698822933825
ari: -0.008198461615245074
