scarlatti_all, faure_all
acc: 0.9856459330143541
vms: 0.8402008866760824
nmi: 0.8408153349050733
ari: 0.9159510048923781
