scarlatti_all, mozart_all
acc: 0.8459051724137931
vms: 0.428039692791036
nmi: 0.42922868889890037
ari: 0.47378791168201656
