scarlatti_all, handel_all
acc: 0.6626936829558999
vms: 0.0039815027907477
nmi: 0.016829568011992237
ari: 0.0022734249494139667
