scarlatti_all, chopin_all
acc: 0.9887165021156559
vms: 0.9019782530538955
nmi: 0.9020578940770131
ari: 0.9506908045596864
