schumann_all, dandrieu_all
acc: 0.7538461538461538
vms: 0.3131286967437952
nmi: 0.31398883692556623
ari: 0.25290795099620567
