schumann_all, alkan_all
acc: 0.5882352941176471
vms: 9.319988811089719e-05
nmi: 9.340452473552695e-05
ari: 0.0005363778888413661
