schumann_all, schubert_all
acc: 0.7333333333333333
vms: 0.0039834482405563965
nmi: 0.009858951074758945
ari: -0.0050254682822719315
