schumann_all, scarlatti_all
acc: 0.9855305466237942
vms: 0.8338813981498314
nmi: 0.8345982146471342
ari: 0.912012250511577
