schumann_all, byrd_all
acc: 0.8224852071005917
vms: 0.4225641648043996
nmi: 0.4257419121815611
ari: 0.40561488028581905
