schumann_all, mozart_all
acc: 0.5181818181818182
vms: 0.007367073401120671
nmi: 0.007583953673209621
ari: -0.0006626378940857067
