schumann_all, chopin_all
acc: 0.5158371040723982
vms: 0.03384848682936729
nmi: 0.03386571684939519
ari: -0.038410940718361444
