schumann_all, haydn_all
acc: 0.791907514450867
vms: 0.08225439345549587
nmi: 0.08323906490481418
ari: 0.20007339428092757
