schumann_all, debussy_all
acc: 0.7357723577235772
vms: 0.029785746023745698
nmi: 0.03348225212435163
ari: 0.07038298055571499
