schumann_all, faure_all
acc: 0.697841726618705
vms: 0.12288272384027678
nmi: 0.12292455663277284
ari: 0.15077717653244535
