schumann_all, handel_all
acc: 0.8803418803418803
vms: 0.3288979405428041
nmi: 0.3431402407224072
ari: 0.41948876545175096
