schumann_all, bach_all
acc: 0.9303201506591338
vms: 0.003133959508817935
nmi: 0.004460215718092042
ari: -0.01119890321859229
