schumann_all, buxtehude_all
acc: 0.5035971223021583
vms: 0.024908642707663395
nmi: 0.041873173723268785
ari: -0.0015818776033556473
