schumann_all, dvorak_all
acc: 0.6343283582089553
vms: 0.07874975957104233
nmi: 0.07915155054394803
ari: 0.06686240918271603
