schumann_all, brahms_all
acc: 0.8225806451612904
vms: 0.29947306667140255
nmi: 0.29947386537126075
ari: 0.4101750895982671
