scriabin_all, faure_all
acc: 0.5886075949367089
vms: 0.08281702566242376
nmi: 0.10195957906814335
ari: 0.023995534777197413
