scriabin_all, haydn_all
acc: 0.8382899628252788
vms: 0.27447392018229694
nmi: 0.2772135068012664
ari: 0.39809392427833634
