scriabin_all, alkan_all
acc: 0.6185567010309279
vms: 0.018000159401063694
nmi: 0.01801668432938049
ari: 0.04358411415201884
