scriabin_all, brahms_all
acc: 0.9414634146341463
vms: 0.7322022992218716
nmi: 0.7322305237185217
ari: 0.778493079872129
