scriabin_all, dvorak_all
acc: 0.6993464052287581
vms: 0.23521787760781
nmi: 0.24380172834397273
ari: 0.14944246907926348
