scriabin_all, chopin_all
acc: 0.6208333333333333
vms: 0.02485505712415954
nmi: 0.036440950600363196
ari: -0.016889047228246454
