scriabin_all, handel_all
acc: 0.7648648648648648
vms: 0.0025533108997876754
nmi: 0.007114737489022301
ari: -0.003752432040057649
