scriabin_all, debussy_all
acc: 0.6528301886792452
vms: 0.024401286464949646
nmi: 0.03450668548309329
ari: -0.02155094988428619
