scriabin_all, dandrieu_all
acc: 0.9865771812080537
vms: 0.909460235098981
nmi: 0.9094637702583745
ari: 0.9466626677373478
