scriabin_all, buxtehude_all
acc: 0.5569620253164557
vms: 0.026536582576044413
nmi: 0.046440667187798525
ari: 0.00524474195167577
