scriabin_all, schumann_all
acc: 0.6143790849673203
vms: 0.10114076828409516
nmi: 0.12009446430598263
ari: 0.03921695293300579
