scriabin_all, bach_all
acc: 0.913968547641073
vms: 0.0034007481689118328
nmi: 0.005169980292099876
ari: -0.011004324304162476
