scriabin_all, beethoven_all
acc: 0.6982456140350877
vms: 0.025636648826890915
nmi: 0.026046542627023783
ari: 0.0810059587407751
