scriabin_all, mozart_all
acc: 0.9389978213507625
vms: 0.5866578267083458
nmi: 0.5871646813073992
ari: 0.7380276047966688
