scriabin_all, scarlatti_all
acc: 0.9890795631825273
vms: 0.8795604378394932
nmi: 0.8798260491887638
ari: 0.9408077740964677
