shostakovich_all, mozart_all
acc: 0.5534591194968553
vms: 0.10581054687750208
nmi: 0.10582581171508781
ari: -0.08862664268393898
