shostakovich_all, chopin_all
acc: 0.6434108527131783
vms: 0.12064501898367756
nmi: 0.12069504360405582
ari: 0.07532990522979491
