shostakovich_all, dvorak_all
acc: 0.7485380116959064
vms: 0.16509767585607132
nmi: 0.16525081903037164
ari: 0.23799111222803784
