shostakovich_all, dandrieu_all
acc: 0.5568862275449101
vms: 0.07198093187036173
nmi: 0.08124293894491526
ari: -0.03555416977089537
