shostakovich_all, debussy_all
acc: 0.607773851590106
vms: 0.10483953595181705
nmi: 0.10487264914114468
ari: 0.03471923106657048
