shostakovich_all, bach_all
acc: 0.8116469517743403
vms: 0.01698630966787111
nmi: 0.017159658486914878
ari: 0.08906024709242527
