shostakovich_all, faure_all
acc: 0.7215909090909091
vms: 0.13175851614276662
nmi: 0.13177040472408327
ari: 0.1904142079416523
