shostakovich_all, alkan_all
acc: 0.5016181229773463
vms: 0.034951495598831775
nmi: 0.03501084520243526
ari: -0.028500012051767346
