shostakovich_all, scarlatti_all
acc: 0.9863429438543247
vms: 0.8686155962182766
nmi: 0.8688829975946005
ari: 0.9324224333986532
