shostakovich_all, buxtehude_all
acc: 0.6022727272727273
vms: 0.027755433607866625
nmi: 0.049983751910264565
ari: 0.010347510165009871
