shostakovich_all, beethoven_all
acc: 0.641156462585034
vms: 0.011999943782756263
nmi: 0.01203097790754179
ari: -0.0492013057032844
