shostakovich_all, brahms_all
acc: 0.8789237668161435
vms: 0.4696358352188626
nmi: 0.46964063019803176
ari: 0.5724152491542909
