shostakovich_all, handel_all
acc: 0.729381443298969
vms: 0.0026881547109673535
nmi: 0.007887573914624524
ari: -0.00325792422193559
