shostakovich_all, haydn_all
acc: 0.7302158273381295
vms: 0.012227850643261406
nmi: 0.012227850643261408
ari: 0.06840651932535541
