shostakovich_all, scriabin_all
acc: 0.6842105263157895
vms: 0.10579387431981008
nmi: 0.10606445344744621
ari: 0.1305709167171752
