shostakovich_all, byrd_all
acc: 0.9902912621359223
vms: 0.9211392907310864
nmi: 0.9211392907310864
ari: 0.9613536030924439
