shostakovich_all, schumann_all
acc: 0.6783625730994152
vms: 0.07321192064900472
nmi: 0.07322994115685869
ari: 0.11855272972499624
