soler_all, faure_all
acc: 0.8978102189781022
vms: 0.5801823704571467
nmi: 0.5801886597736334
ari: 0.6303276829909024
