soler_all, dandrieu_all
acc: 0.8203125
vms: 0.3748648349266857
nmi: 0.37496598699753314
ari: 0.40600761119019263
