soler_all, schumann_all
acc: 0.75
vms: 0.2817182017603666
nmi: 0.2824461423447766
ari: 0.2452453755033905
