soler_all, chopin_all
acc: 0.5753424657534246
vms: 0.169628445763951
nmi: 0.16963223767564325
ari: -0.010563868081231631
