soler_all, debussy_all
acc: 0.7090163934426229
vms: 0.02224204869639917
nmi: 0.029886133967601217
ari: -0.028544204716186367
