soler_all, scriabin_all
acc: 0.9337748344370861
vms: 0.7096014160154822
nmi: 0.7096189614827764
ari: 0.7510144893639414
