soler_all, beethoven_all
acc: 0.8797814207650273
vms: 0.0012187703348242199
nmi: 0.0033021343498138224
ari: -0.0031221068781958038
