soler_all, bach_all
acc: 0.9320754716981132
vms: 0.003102452644106031
nmi: 0.004380839957010637
ari: -0.011211761040877764
