soler_all, scarlatti_all
acc: 0.5629032258064516
vms: 0.06139772536440486
nmi: 0.06547477651067529
ari: 0.014820394369016289
