soler_all, dvorak_all
acc: 0.7424242424242424
vms: 0.33546665944799064
nmi: 0.33729964325117995
ari: 0.23063011931180238
