soler_all, shostakovich_all
acc: 0.5857988165680473
vms: 0.03663176097792261
nmi: 0.04914129197264921
ari: -0.019260400616332923
