soler_all, alkan_all
acc: 0.5148148148148148
vms: 0.08820361680796182
nmi: 0.08823058584926267
ari: -0.06366316623341031
