soler_all, mozart_all
acc: 0.634703196347032
vms: 0.0025946488575247324
nmi: 0.0026352746015453616
ari: -0.02143754835030675
