soler_all, byrd_all
acc: 0.9940119760479041
vms: 0.9517080511045284
nmi: 0.9517098757777013
ari: 0.9760082029768385
