soler_all, haydn_all
acc: 0.7350096711798839
vms: 0.05183573499160243
nmi: 0.0518632168498577
ari: -0.1005051853677271
