soler_all, brahms_all
acc: 0.9130434782608695
vms: 0.6449955985779705
nmi: 0.6452371862090238
ari: 0.6804532551980012
