soler_all, buxtehude_all
acc: 0.5182481751824818
vms: 0.012842943845736712
nmi: 0.02730665395686964
ari: -0.0014194973419520568
