soler_all, handel_all
acc: 0.8108882521489972
vms: 0.002364157604229397
nmi: 0.006087502873428379
ari: -0.004386646106285134
