alkan_(c)contributors-kunstderf, faure_(c)contributors-kunstderf
acc: 0.5547445255474452
vms: 0.0005944292999514243
nmi: 0.0005944292999514243
ari: -0.008205120690834136
