alkan_(c)contributors-kunstderf, schubert_
acc: 0.5193798449612403
vms: 0.0008521841005141139
nmi: 0.0008521841005141139
ari: -0.001086168622364511
