alkan_(c)contributors-kunstderf, beethoven_
acc: 0.6107594936708861
vms: 0.019810706438785235
nmi: 0.019810706438785238
ari: 0.04255506440402281
