alkan_(c)contributors-kunstderf, chopin_
acc: 0.6011396011396012
vms: 0.04187361740159565
nmi: 0.04187361740159565
ari: 0.03759821082785966
