alkan_(c)contributors-kunstderf, scarlatti_
acc: 0.5520421607378129
vms: 0.05207851667687644
nmi: 0.05207851667687644
ari: -0.0018002521077705648
