alkan_(c)contributors-kunstderf, handel_
acc: 0.5173913043478261
vms: 0.0007446283186810187
nmi: 0.0007446283186810187
ari: -0.0009502621695643948
