alkan_(c)contributors-kunstderf, mozart_
acc: 0.7463768115942029
vms: 0.15457216874689675
nmi: 0.15457216874689672
ari: 0.23659624029517853
