alkan_(c)contributors-kunstderf, brahms_
acc: 0.5279503105590062
vms: 0.0002581197561181988
nmi: 0.0002581197561181988
ari: -0.0011699013798380413
