alkan_(c)contributors-kunstderf, debussy_
acc: 0.5695538057742782
vms: 0.014459923639573153
nmi: 0.014459923639573153
ari: 0.016775169205682113
