alkan_(c)contributors-kunstderf, alkan_(c)contributors-kunstderf
acc: 0.5
vms: -6.429176771282715e-16
nmi: -6.429176771282715e-16
ari: -0.0024393223304997372
