alkan_(c)contributors-kunstderf, scriabin_(c)contributors-kunstderf
acc: 0.6678200692041523
vms: 0.06931033002738303
nmi: 0.06931033002738303
ari: 0.10613662678502508
