alkan_(c)contributors-kunstderf, bach_
acc: 0.6431501230516817
vms: 0.014412620632708355
nmi: 0.014412620632708354
ari: 0.045325900713101455
