bach_, soler_(c)contributors-kunstderf
acc: 0.6844569288389513
vms: 0.0009649442571844358
nmi: 0.0009649442571844358
ari: 0.009255103394239265
