bach_, beethoven_
acc: 0.5024255024255024
vms: 0.010911280149212084
nmi: 0.010911280149212086
ari: -0.010306414773476375
