bach_, haydn_
acc: 0.6015037593984962
vms: 0.07957577151695315
nmi: 0.07957577151695315
ari: 0.03509531191377509
