bach_, schumann_(c)contributors-kunstderf
acc: 0.6481994459833795
vms: 0.001130783662419125
nmi: 0.001130783662419125
ari: 0.008968184503142266
