bach_, buxtehude_(c)contributors-kunstderf
acc: 0.5747232472324724
vms: 0.025734736787321442
nmi: 0.025734736787321442
ari: -0.025622081910679998
