bach_, schubert_
acc: 0.6010016694490818
vms: 0.01758401122071701
nmi: 0.01758401122071701
ari: 0.030300590502739363
