bach_, shostakovich_(c)contributors-kunstderf
acc: 0.6313901345291479
vms: 0.004926231017804416
nmi: 0.004926231017804416
ari: 0.019373987025243546
