bach_, mozart_
acc: 0.549523110785033
vms: 0.012801473357375552
nmi: 0.012801473357375552
ari: -0.029814152764094128
