bach_, debussy_
acc: 0.7374161073825504
vms: 0.13815322736123894
nmi: 0.13815322736123894
ari: 0.1894182673161611
