bach_, brahms_
acc: 0.7210944395410415
vms: 0.12874565773218624
nmi: 0.12874565773218624
ari: 0.14920916287173955
