bach_, handel_
acc: 0.5554681353265145
vms: 0.001168885655085346
nmi: 0.001168885655085346
ari: 0.005240023965444816
