bach_, scarlatti_
acc: 0.8152866242038217
vms: 0.27703297251911513
nmi: 0.27703297251911513
ari: 0.39209524611273316
