bach_, dvorak_(c)contributors-kunstderf
acc: 0.7083333333333334
vms: 0.08856157760941963
nmi: 0.08856157760941963
ari: 0.0975735039219755
