bach_, alkan_(c)contributors-kunstderf
acc: 0.6570959803117309
vms: 0.02237869252407646
nmi: 0.022378692524076465
ari: 0.06063867396988576
