bach_, chopin_
acc: 0.6858864027538726
vms: 0.041732311051597394
nmi: 0.04173231105159739
ari: 0.08620519101049316
