bach_, byrd_(c)contributors-kunstderf
acc: 0.7502238137869293
vms: 0.16961164848714352
nmi: 0.1696116484871435
ari: 0.18486415265341696
