bach_, bach_
acc: 0.5
vms: -4.884792439240628e-16
nmi: -4.884792439240628e-16
ari: -0.0004709615528455167
