bach_, faure_(c)contributors-kunstderf
acc: 0.6359447004608295
vms: 0.037727674431145525
nmi: 0.03772767443114552
ari: 0.04190684876160301
