bach_, scriabin_(c)contributors-kunstderf
acc: 0.6781818181818182
vms: 0.0672719452797796
nmi: 0.0672719452797796
ari: 0.0797862005455472
