bach_, dandrieu_(c)contributors-kunstderf
acc: 0.6725417439703154
vms: 0.011524273721273388
nmi: 0.011524273721273386
ari: 0.0318726505732311
