beethoven_, haydn_
acc: 0.5799086757990868
vms: 0.018240519388797113
nmi: 0.018240519388797113
ari: 0.024431792013474073
