beethoven_, alkan_(c)contributors-kunstderf
acc: 0.6313291139240507
vms: 0.03996000782989761
nmi: 0.03996000782989761
ari: 0.06533940686584869
