beethoven_, buxtehude_(c)contributors-kunstderf
acc: 0.5110663983903421
vms: 0.03331024287932796
nmi: 0.03331024287932796
ari: -0.011233160678093766
