beethoven_, brahms_
acc: 0.6428571428571429
vms: 0.051177161476041996
nmi: 0.051177161476042
ari: 0.07409848819849933
