beethoven_, scriabin_(c)contributors-kunstderf
acc: 0.7212475633528265
vms: 0.11088751005867777
nmi: 0.11088751005867775
ari: 0.16515559770283933
