beethoven_, schumann_(c)contributors-kunstderf
acc: 0.5604838709677419
vms: 0.007588779694384907
nmi: 0.007588779694384907
ari: 0.010302437849732657
