beethoven_, debussy_
acc: 0.7421487603305785
vms: 0.1804413079457574
nmi: 0.1804413079457574
ari: 0.23101877690246217
