beethoven_, soler_(c)contributors-kunstderf
acc: 0.5446985446985447
vms: 0.019355120071143296
nmi: 0.0193551200711433
ari: 0.0071780503854257105
