beethoven_, handel_
acc: 0.5687134502923976
vms: 0.012359578965434293
nmi: 0.012359578965434293
ari: 0.017388261810105415
