beethoven_, schubert_
acc: 0.5695581014729951
vms: 0.017985554563658652
nmi: 0.017985554563658652
ari: 0.018001905163084624
