beethoven_, scarlatti_
acc: 0.814852492370295
vms: 0.3300301464159167
nmi: 0.33003014641591677
ari: 0.39590360301562283
