beethoven_, byrd_(c)contributors-kunstderf
acc: 0.5207547169811321
vms: 0.04837027548252535
nmi: 0.04837027548252535
ari: -0.01722269415602385
