beethoven_, chopin_
acc: 0.7495652173913043
vms: 0.16237673169153488
nmi: 0.16237673169153488
ari: 0.23722644694577522
