beethoven_, dandrieu_(c)contributors-kunstderf
acc: 0.5498981670061099
vms: 0.07988517889007214
nmi: 0.07988517889007216
ari: 0.0026373806628623426
