beethoven_, bach_
acc: 0.5467775467775468
vms: 9.926752503716007e-05
nmi: 9.926752503716007e-05
ari: -0.0025210075618235512
