beethoven_, mozart_
acc: 0.5167525773195877
vms: 0.0024135745815501855
nmi: 0.002413574581550186
ari: -0.000582938991099167
