beethoven_, faure_(c)contributors-kunstderf
acc: 0.6144578313253012
vms: 0.034425439727190976
nmi: 0.034425439727190976
ari: 0.042799678422106927
