brahms_, haydn_
acc: 0.519434628975265
vms: 0.000751869683969208
nmi: 0.000751869683969208
ari: 0.00013548410547799643
