brahms_, mozart_
acc: 0.5815450643776824
vms: 0.022612500850248296
nmi: 0.022612500850248296
ari: 0.024733759395769585
