brahms_, buxtehude_(c)contributors-kunstderf
acc: 0.5080213903743316
vms: 0.000790572832382228
nmi: 0.000790572832382228
ari: -0.0049962012462356695
