brahms_, byrd_(c)contributors-kunstderf
acc: 0.9590909090909091
vms: 0.7556433866090633
nmi: 0.7556433866090634
ari: 0.8423405749285724
