brahms_, dvorak_(c)contributors-kunstderf
acc: 0.5901639344262295
vms: 0.01859875197970435
nmi: 0.01859875197970435
ari: 0.02679221951514169
