brahms_, bach_
acc: 0.7087378640776699
vms: 0.12492450115567214
nmi: 0.12492450115567212
ari: 0.13579001006408145
