brahms_, schumann_(c)contributors-kunstderf
acc: 0.5967741935483871
vms: 0.02836791609223109
nmi: 0.02836791609223109
ari: 0.03257947366044635
