brahms_, scarlatti_
acc: 0.5765230312035661
vms: 0.03845215289679763
nmi: 0.03845215289679764
ari: 0.022559144261964387
