brahms_, brahms_
acc: 0.5
vms: 4.817633866430659e-16
nmi: 4.817633866430659e-16
ari: -0.004242682416315686
