brahms_, faure_(c)contributors-kunstderf
acc: 0.601063829787234
vms: 0.04704265646578961
nmi: 0.04704265646578962
ari: 0.034920170423711365
