brahms_, alkan_(c)contributors-kunstderf
acc: 0.6180124223602484
vms: 0.03453456052202189
nmi: 0.03453456052202189
ari: 0.0521547276016683
