brahms_, chopin_
acc: 0.5433962264150943
vms: 0.0025545790093204333
nmi: 0.0025545790093204337
ari: 0.0031447744400081652
