brahms_, beethoven_
acc: 0.5238095238095238
vms: 0.0010780851275029597
nmi: 0.0010780851275029597
ari: -0.0049093178197589975
