brahms_, schubert_
acc: 0.5249169435215947
vms: 0.00327104534900997
nmi: 0.0032710453490099704
ari: -0.0009090725523138413
