brahms_, soler_(c)contributors-kunstderf
acc: 0.543859649122807
vms: 0.015532397699858548
nmi: 0.015532397699858548
ari: 0.0009469679921218597
