brahms_, handel_
acc: 0.5267379679144385
vms: 0.0010044662760988847
nmi: 0.0010044662760988847
ari: 0.00016143781720168846
