brahms_, debussy_
acc: 0.5016949152542373
vms: 0.0008460638826458385
nmi: 0.0008460638826458385
ari: -0.004459389479730417
