brahms_, shostakovich_(c)contributors-kunstderf
acc: 0.5596330275229358
vms: 0.00975412141134678
nmi: 0.009754121411346782
ari: 0.009687182278258197
