brahms_, scriabin_(c)contributors-kunstderf
acc: 0.6748768472906403
vms: 0.09329982074411414
nmi: 0.09329982074411412
ari: 0.11807660300700144
