buxtehude_(c)contributors-kunstderf, bach_
acc: 0.672509225092251
vms: 0.021144244983206276
nmi: 0.02114424498320628
ari: -0.0451127054730007
