buxtehude_(c)contributors-kunstderf, handel_
acc: 0.5169230769230769
vms: 0.02893733688815861
nmi: 0.028937336888158614
ari: -0.031205357480594262
