buxtehude_(c)contributors-kunstderf, alkan_(c)contributors-kunstderf
acc: 0.5018315018315018
vms: 0.07774177916994476
nmi: 0.07774177916994476
ari: -0.04950431311960851
