buxtehude_(c)contributors-kunstderf, buxtehude_(c)contributors-kunstderf
acc: 0.5
vms: -3.2056127891840104e-16
nmi: -3.2056127891840104e-16
ari: -0.0073389394676488815
