buxtehude_(c)contributors-kunstderf, shostakovich_(c)contributors-kunstderf
acc: 0.7159763313609467
vms: 0.19990299632926628
nmi: 0.1999029963292663
ari: 0.18077546841946748
