buxtehude_(c)contributors-kunstderf, dvorak_(c)contributors-kunstderf
acc: 0.5895522388059702
vms: 0.02300202952339676
nmi: 0.023002029523396764
ari: 0.024765301777526692
