buxtehude_(c)contributors-kunstderf, brahms_
acc: 0.5187165775401069
vms: 0.00034114648841743076
nmi: 0.0003411464884174308
ari: -0.006720072682724886
