buxtehude_(c)contributors-kunstderf, mozart_
acc: 0.5203836930455635
vms: 0.01655079664985589
nmi: 0.016550796649855887
ari: -0.0031950636700584308
