buxtehude_(c)contributors-kunstderf, haydn_
acc: 0.7195357833655706
vms: 0.05877307595108729
nmi: 0.0587730759510873
ari: 0.12373977083183821
