buxtehude_(c)contributors-kunstderf, scarlatti_
acc: 0.5048076923076923
vms: 0.08947378831955738
nmi: 0.08947378831955739
ari: -0.03021229341378709
