buxtehude_(c)contributors-kunstderf, byrd_(c)contributors-kunstderf
acc: 0.8713450292397661
vms: 0.5043721686304671
nmi: 0.5043721686304671
ari: 0.5490301708532817
