byrd_(c)contributors-kunstderf, shostakovich_(c)contributors-kunstderf
acc: 0.900990099009901
vms: 0.5440347567053563
nmi: 0.5440347567053562
ari: 0.6413967170926601
