byrd_(c)contributors-kunstderf, haydn_
acc: 0.7854545454545454
vms: 0.3132462525083525
nmi: 0.3132462525083525
ari: 0.3118163878482502
