byrd_(c)contributors-kunstderf, mozart_
acc: 0.7711111111111111
vms: 0.27090173774794823
nmi: 0.2709017377479483
ari: 0.28746958461616656
