byrd_(c)contributors-kunstderf, scarlatti_
acc: 0.5844748858447488
vms: 0.05137938765068202
nmi: 0.05137938765068202
ari: 0.027765475679577666
