byrd_(c)contributors-kunstderf, beethoven_
acc: 0.7981132075471699
vms: 0.34363028636379683
nmi: 0.34363028636379683
ari: 0.3419900799505787
