byrd_(c)contributors-kunstderf, schumann_(c)contributors-kunstderf
acc: 0.888235294117647
vms: 0.5921521026435855
nmi: 0.5921521026435855
ari: 0.6006303776945203
