byrd_(c)contributors-kunstderf, debussy_
acc: 0.9032258064516129
vms: 0.6227131936354765
nmi: 0.6227131936354765
ari: 0.6490559988554689
