byrd_(c)contributors-kunstderf, handel_
acc: 0.776536312849162
vms: 0.33770162598252895
nmi: 0.3377016259825289
ari: 0.3042653975426568
