byrd_(c)contributors-kunstderf, chopin_
acc: 0.9799196787148594
vms: 0.8759201691667005
nmi: 0.8759201691667007
ari: 0.9209382812043889
