byrd_(c)contributors-kunstderf, bach_
acc: 0.7135183527305282
vms: 0.13530758390559092
nmi: 0.13530758390559092
ari: 0.1368437366135335
