byrd_(c)contributors-kunstderf, dvorak_(c)contributors-kunstderf
acc: 0.8922155688622755
vms: 0.6000713818007402
nmi: 0.6000713818007402
ari: 0.6131153828213673
