byrd_(c)contributors-kunstderf, brahms_
acc: 0.9272727272727272
vms: 0.6232783225505322
nmi: 0.6232783225505323
ari: 0.7290154328301545
