chopin_, schubert_
acc: 0.5454545454545454
vms: 0.006068298710172206
nmi: 0.006068298710172206
ari: 0.005276970398171389
