chopin_, haydn_
acc: 0.6521008403361345
vms: 0.06548752987196654
nmi: 0.06548752987196653
ari: 0.08808958178085673
