chopin_, debussy_
acc: 0.5432098765432098
vms: 0.006681960187968208
nmi: 0.006681960187968208
ari: 0.004365359102233461
