chopin_, dvorak_(c)contributors-kunstderf
acc: 0.6132075471698113
vms: 0.02498326744168726
nmi: 0.024983267441687263
ari: 0.04382986712498364
