chopin_, byrd_(c)contributors-kunstderf
acc: 0.9678714859437751
vms: 0.7926929111444293
nmi: 0.7926929111444294
ari: 0.8750300097124403
