chopin_, dandrieu_(c)contributors-kunstderf
acc: 0.7238095238095238
vms: 0.21984632197231288
nmi: 0.2198463219723129
ari: 0.19695347331447505
