chopin_, bach_
acc: 0.6712564543889845
vms: 0.026210553465488243
nmi: 0.026210553465488246
ari: 0.06464847365513204
