chopin_, beethoven_
acc: 0.6991304347826087
vms: 0.16057472345199875
nmi: 0.16057472345199877
ari: 0.1571737851041177
