chopin_, alkan_(c)contributors-kunstderf
acc: 0.6011396011396012
vms: 0.03917180889522478
nmi: 0.03917180889522479
ari: 0.037833361684591234
