chopin_, scriabin_(c)contributors-kunstderf
acc: 0.5301724137931034
vms: 0.002907036301413058
nmi: 0.002907036301413058
ari: -0.00037986446978387813
