chopin_, schumann_(c)contributors-kunstderf
acc: 0.627906976744186
vms: 0.04446399912268144
nmi: 0.04446399912268144
ari: 0.060683297835710796
