chopin_, mozart_
acc: 0.6060606060606061
vms: 0.03974498592412802
nmi: 0.03974498592412802
ari: 0.04334695062166173
