chopin_, brahms_
acc: 0.6754716981132075
vms: 0.08572389032057959
nmi: 0.08572389032057959
ari: 0.11911838637152858
