chopin_, buxtehude_(c)contributors-kunstderf
acc: 0.7824074074074074
vms: 0.3199732123817053
nmi: 0.3199732123817053
ari: 0.3162502497380503
