chopin_, handel_
acc: 0.5384615384615384
vms: 0.007302490482223612
nmi: 0.007302490482223613
ari: 0.0033022198104083107
