chopin_, scarlatti_
acc: 0.5911680911680912
vms: 0.07999958931411948
nmi: 0.07999958931411946
ari: 0.029077392748746215
