chopin_, chopin_
acc: 0.5
vms: 6.412099154418618e-16
nmi: 6.412099154418618e-16
ari: -0.0034168653366777615
