chopin_, faure_(c)contributors-kunstderf
acc: 0.5069124423963134
vms: 0.0007073046696283666
nmi: 0.0007073046696283666
ari: -0.004082583646794201
