dandrieu_(c)contributors-kunstderf, faure_(c)contributors-kunstderf
acc: 0.8421052631578947
vms: 0.3954092936407549
nmi: 0.3954092936407549
ari: 0.46412826874692037
