dandrieu_(c)contributors-kunstderf, byrd_(c)contributors-kunstderf
acc: 0.8727272727272727
vms: 0.46338274190727247
nmi: 0.4633827419072724
ari: 0.5528906790722949
