dandrieu_(c)contributors-kunstderf, brahms_
acc: 0.6685082872928176
vms: 0.11230531572159425
nmi: 0.11230531572159425
ari: 0.108684274571313
