dandrieu_(c)contributors-kunstderf, bach_
acc: 0.6280148423005566
vms: 0.0025537699166192484
nmi: 0.002553769916619248
ari: 0.011076604406758
