dandrieu_(c)contributors-kunstderf, handel_
acc: 0.5297805642633229
vms: 0.014497569696985995
nmi: 0.014497569696985997
ari: -0.000339864804136346
