dandrieu_(c)contributors-kunstderf, schubert_
acc: 0.6747967479674797
vms: 0.2092615648431315
nmi: 0.2092615648431315
ari: 0.11678130354195868
