dandrieu_(c)contributors-kunstderf, scarlatti_
acc: 0.5388349514563107
vms: 0.0474238448640515
nmi: 0.0474238448640515
ari: 0.0030541550013374226
