dandrieu_(c)contributors-kunstderf, mozart_
acc: 0.6009732360097324
vms: 0.07390010069798283
nmi: 0.07390010069798285
ari: 0.03956351820168285
