dandrieu_(c)contributors-kunstderf, debussy_
acc: 0.6833333333333333
vms: 0.21725347561649824
nmi: 0.21725347561649824
ari: 0.1293511512087952
