dandrieu_(c)contributors-kunstderf, scriabin_(c)contributors-kunstderf
acc: 0.8716216216216216
vms: 0.4724429909244732
nmi: 0.4724429909244732
ari: 0.5494130314888253
