dandrieu_(c)contributors-kunstderf, haydn_
acc: 0.5166340508806262
vms: 0.009863144387748426
nmi: 0.009863144387748428
ari: -0.009586544479179058
