dandrieu_(c)contributors-kunstderf, chopin_
acc: 0.8523809523809524
vms: 0.4364740446943599
nmi: 0.43647404469435985
ari: 0.49257519855460147
