dandrieu_(c)contributors-kunstderf, soler_(c)contributors-kunstderf
acc: 0.5086206896551724
vms: 9.358271801572764e-05
nmi: 9.358271801572766e-05
ari: -0.008400516697591362
