dandrieu_(c)contributors-kunstderf, alkan_(c)contributors-kunstderf
acc: 0.6104868913857678
vms: 0.0018141083943384066
nmi: 0.0018141083943384068
ari: 0.01308684941708922
