dandrieu_(c)contributors-kunstderf, beethoven_
acc: 0.5824847250509165
vms: 0.1088074606976131
nmi: 0.10880746069761307
ari: 0.024446672034571435
