debussy_, schumann_(c)contributors-kunstderf
acc: 0.6122448979591837
vms: 0.05451305884728899
nmi: 0.05451305884728898
ari: 0.047186378672705497
