debussy_, schubert_
acc: 0.5583333333333333
vms: 0.009844488568123021
nmi: 0.00984448856812302
ari: 0.010856602376937958
