debussy_, shostakovich_(c)contributors-kunstderf
acc: 0.5884476534296029
vms: 0.015228627865523833
nmi: 0.015228627865523835
ari: 0.026460400408205027
