debussy_, beethoven_
acc: 0.7305785123966942
vms: 0.15933975134245884
nmi: 0.1593397513424588
ari: 0.20891515986365866
