debussy_, scarlatti_
acc: 0.610655737704918
vms: 0.08016723613393834
nmi: 0.08016723613393834
ari: 0.046539806551596334
