debussy_, dvorak_(c)contributors-kunstderf
acc: 0.5413223140495868
vms: 0.01044565407470135
nmi: 0.01044565407470135
ari: 0.003221013084284855
