debussy_, debussy_
acc: 0.5
vms: 4.811847015032274e-16
nmi: 4.811847015032275e-16
ari: -0.002829905778319727
