debussy_, dandrieu_(c)contributors-kunstderf
acc: 0.7666666666666667
vms: 0.36701504970013815
nmi: 0.36701504970013815
ari: 0.2821073404691764
