debussy_, soler_(c)contributors-kunstderf
acc: 0.6565217391304348
vms: 0.12498767413747162
nmi: 0.1249876741374716
ari: 0.09517380264998662
