debussy_, mozart_
acc: 0.7866666666666666
vms: 0.23877935703083922
nmi: 0.23877935703083925
ari: 0.32505443125645567
