debussy_, handel_
acc: 0.5496535796766744
vms: 0.008190453530254547
nmi: 0.008190453530254545
ari: 0.007621319929411229
