debussy_, bach_
acc: 0.735738255033557
vms: 0.14425288764063024
nmi: 0.14425288764063027
ari: 0.18937826379580786
