debussy_, buxtehude_(c)contributors-kunstderf
acc: 0.7723577235772358
vms: 0.30217348564042096
nmi: 0.30217348564042096
ari: 0.2940707006170689
