debussy_, scriabin_(c)contributors-kunstderf
acc: 0.5648854961832062
vms: 0.0004994569305648715
nmi: 0.0004994569305648715
ari: 0.0023325131185185717
