debussy_, chopin_
acc: 0.5555555555555556
vms: 0.009937571717628038
nmi: 0.009937571717628038
ari: 0.009287925696594427
