debussy_, faure_(c)contributors-kunstderf
acc: 0.5263157894736842
vms: 0.00024059011150931046
nmi: 0.0002405901115093104
ari: -0.0018734172841641788
