debussy_, alkan_(c)contributors-kunstderf
acc: 0.5564304461942258
vms: 0.010839050640519092
nmi: 0.01083905064051909
ari: 0.01011539673333761
