debussy_, brahms_
acc: 0.6338983050847458
vms: 0.04832897838617482
nmi: 0.048328978386174816
ari: 0.06838634171029115
