debussy_, haydn_
acc: 0.5072
vms: 9.373443733339599e-05
nmi: 9.373443733339597e-05
ari: -0.001682597712169721
