dvorak_(c)contributors-kunstderf, brahms_
acc: 0.5846994535519126
vms: 0.012774348357371951
nmi: 0.012774348357371951
ari: 0.02183549628757126
