dvorak_(c)contributors-kunstderf, dandrieu_(c)contributors-kunstderf
acc: 0.75
vms: 0.1886376937538599
nmi: 0.1886376937538599
ari: 0.2440505027660991
