dvorak_(c)contributors-kunstderf, handel_
acc: 0.5545171339563862
vms: 0.0078029142965847864
nmi: 0.007802914296584787
ari: 0.0089093110973748
