dvorak_(c)contributors-kunstderf, buxtehude_(c)contributors-kunstderf
acc: 0.5298507462686567
vms: 0.0022116261930214182
nmi: 0.0022116261930214182
ari: -0.003725621808893703
