dvorak_(c)contributors-kunstderf, chopin_
acc: 0.6273584905660378
vms: 0.038066140192615026
nmi: 0.03806614019261503
ari: 0.058696616032060826
