dvorak_(c)contributors-kunstderf, scarlatti_
acc: 0.5645161290322581
vms: 0.027169245903215747
nmi: 0.027169245903215743
ari: 0.015278461241670056
