dvorak_(c)contributors-kunstderf, schubert_
acc: 0.5362903225806451
vms: 0.006593489312685105
nmi: 0.0065934893126851045
ari: 0.002084502667549711
