dvorak_(c)contributors-kunstderf, bach_
acc: 0.7324074074074074
vms: 0.07214908417122538
nmi: 0.07214908417122538
ari: 0.10510777707088158
