dvorak_(c)contributors-kunstderf, alkan_(c)contributors-kunstderf
acc: 0.5687732342007435
vms: 0.0025372066437872602
nmi: 0.0025372066437872607
ari: 0.00820501835811125
