dvorak_(c)contributors-kunstderf, haydn_
acc: 0.7037037037037037
vms: 0.0962116835796073
nmi: 0.0962116835796073
ari: 0.12966786136354855
