dvorak_(c)contributors-kunstderf, mozart_
acc: 0.5181598062953995
vms: 0.004631377816567134
nmi: 0.004631377816567134
ari: -0.007749522950999048
