dvorak_(c)contributors-kunstderf, debussy_
acc: 0.5537190082644629
vms: 0.01158084330938421
nmi: 0.01158084330938421
ari: 0.008309411266952074
