dvorak_(c)contributors-kunstderf, beethoven_
acc: 0.565922920892495
vms: 0.01708540162433673
nmi: 0.01708540162433673
ari: 0.014867375825544002
