dvorak_(c)contributors-kunstderf, shostakovich_(c)contributors-kunstderf
acc: 0.5454545454545454
vms: 0.0054913650576689415
nmi: 0.0054913650576689415
ari: 0.0024194693552086364
