faure_(c)contributors-kunstderf, brahms_
acc: 0.5372340425531915
vms: 0.004073748236642123
nmi: 0.004073748236642123
ari: 0.0005424037303586502
