faure_(c)contributors-kunstderf, handel_
acc: 0.5245398773006135
vms: 0.0005442615942180355
nmi: 0.0005442615942180355
ari: -0.0004468906975858504
