faure_(c)contributors-kunstderf, mozart_
acc: 0.5956937799043063
vms: 0.018778634891264048
nmi: 0.018778634891264048
ari: 0.028701514984972577
