faure_(c)contributors-kunstderf, schubert_
acc: 0.525691699604743
vms: 5.184136901100825e-05
nmi: 5.1841369011008254e-05
ari: -0.0024657716534573263
