faure_(c)contributors-kunstderf, bach_
acc: 0.7059907834101382
vms: 0.037147121901092275
nmi: 0.03714712190109227
ari: 0.07031487071201019
