faure_(c)contributors-kunstderf, shostakovich_(c)contributors-kunstderf
acc: 0.5058823529411764
vms: 0.00037120548416074377
nmi: 0.0003712054841607437
ari: -0.005715670216993048
