faure_(c)contributors-kunstderf, dvorak_(c)contributors-kunstderf
acc: 0.562962962962963
vms: 0.011542400401177839
nmi: 0.011542400401177837
ari: 0.008468329757088387
