faure_(c)contributors-kunstderf, faure_(c)contributors-kunstderf
acc: 0.5
vms: -1.2817480348328405e-15
nmi: -1.2817480348328403e-15
ari: -0.007240418571910283
