faure_(c)contributors-kunstderf, haydn_
acc: 0.7702702702702703
vms: 0.17302523358593488
nmi: 0.17302523358593486
ari: 0.2381478225274162
