faure_(c)contributors-kunstderf, beethoven_
acc: 0.6305220883534136
vms: 0.06584519293731358
nmi: 0.06584519293731357
ari: 0.061540029510855264
