faure_(c)contributors-kunstderf, chopin_
acc: 0.6082949308755761
vms: 0.02098300279907348
nmi: 0.02098300279907348
ari: 0.03924145504410659
