faure_(c)contributors-kunstderf, debussy_
acc: 0.5465587044534413
vms: 0.000986100818893429
nmi: 0.0009861008188934287
ari: 0.0016786793637916845
