handel_, schubert_
acc: 0.5671981776765376
vms: 0.010717749986085786
nmi: 0.010717749986085785
ari: 0.015658817779924818
