handel_, scarlatti_
acc: 0.7706535141800247
vms: 0.3037693334373757
nmi: 0.3037693334373757
ari: 0.29223375785979855
