handel_, buxtehude_(c)contributors-kunstderf
acc: 0.5261538461538462
vms: 0.0001172624944813626
nmi: 0.0001172624944813626
ari: -0.003162764166018732
