handel_, brahms_
acc: 0.5133689839572193
vms: 2.2375785575822616e-05
nmi: 2.2375785575822616e-05
ari: -0.002069878028714317
