handel_, mozart_
acc: 0.597682119205298
vms: 0.02423229205595516
nmi: 0.02423229205595516
ari: 0.03635787025600437
