handel_, scriabin_(c)contributors-kunstderf
acc: 0.5865102639296188
vms: 0.047625480127697434
nmi: 0.04762548012769743
ari: 0.02668956840612588
