handel_, haydn_
acc: 0.5397727272727273
vms: 0.0028453426638307064
nmi: 0.0028453426638307064
ari: 0.004620110513793217
