handel_, faure_(c)contributors-kunstderf
acc: 0.5122699386503068
vms: 1.5323125131022394e-05
nmi: 1.5323125131022394e-05
ari: -0.0019161725883148678
