handel_, soler_(c)contributors-kunstderf
acc: 0.5533980582524272
vms: 0.006766137609632927
nmi: 0.006766137609632927
ari: 0.007962752008341711
