handel_, debussy_
acc: 0.558891454965358
vms: 0.013470946174154804
nmi: 0.013470946174154804
ari: 0.011460154152764801
