handel_, chopin_
acc: 0.5409429280397022
vms: 0.0058240244176422686
nmi: 0.005824024417642268
ari: 0.004398992621592657
