handel_, dandrieu_(c)contributors-kunstderf
acc: 0.554858934169279
vms: 0.03259455120628992
nmi: 0.03259455120628993
ari: 0.008183741144490615
