handel_, beethoven_
acc: 0.5555555555555556
vms: 0.005916728989013828
nmi: 0.005916728989013827
ari: 0.010383319490517538
