handel_, schumann_(c)contributors-kunstderf
acc: 0.5617283950617284
vms: 0.029826484310973515
nmi: 0.02982648431097351
ari: 0.012407528780880224
