handel_, dvorak_(c)contributors-kunstderf
acc: 0.6105919003115264
vms: 0.04758412835829788
nmi: 0.04758412835829788
ari: 0.046054770247728555
