handel_, bach_
acc: 0.5900865460267506
vms: 0.0008477531317247013
nmi: 0.0008477531317247012
ari: -0.009783006813198568
