handel_, byrd_(c)contributors-kunstderf
acc: 0.8072625698324022
vms: 0.40640812403871257
nmi: 0.40640812403871257
ari: 0.37586035959240954
