haydn_, debussy_
acc: 0.7888
vms: 0.28209384474007765
nmi: 0.2820938447400777
ari: 0.3303276178246598
