haydn_, schubert_
acc: 0.6576862123613312
vms: 0.0657910367164068
nmi: 0.0657910367164068
ari: 0.09566869437466599
