haydn_, bach_
acc: 0.5700615174299385
vms: 0.05389378551598971
nmi: 0.05389378551598971
ari: 0.011303425505233023
