haydn_, beethoven_
acc: 0.656392694063927
vms: 0.0733371419396128
nmi: 0.0733371419396128
ari: 0.096822215709242
