haydn_, scarlatti_
acc: 0.9132602193419741
vms: 0.5978753305680891
nmi: 0.597875330568089
ari: 0.682823064684679
