haydn_, buxtehude_(c)contributors-kunstderf
acc: 0.5880077369439072
vms: 0.002884622715541188
nmi: 0.002884622715541188
ari: -0.015166403001572843
