haydn_, scriabin_(c)contributors-kunstderf
acc: 0.6679174484052532
vms: 0.09374629590621075
nmi: 0.09374629590621077
ari: 0.10228481004970644
