haydn_, mozart_
acc: 0.5841708542713567
vms: 0.018094005216575112
nmi: 0.018094005216575112
ari: 0.02698414593686201
