haydn_, shostakovich_(c)contributors-kunstderf
acc: 0.6952554744525548
vms: 0.06700286633824949
nmi: 0.0670028663382495
ari: 0.12219358097947604
