haydn_, byrd_(c)contributors-kunstderf
acc: 0.8127272727272727
vms: 0.31305822666430777
nmi: 0.3130582266643079
ari: 0.3671956149052787
