haydn_, soler_(c)contributors-kunstderf
acc: 0.5189620758483033
vms: 5.177822591382849e-06
nmi: 5.177822591382849e-06
ari: -0.0008664775996862604
