haydn_, dandrieu_(c)contributors-kunstderf
acc: 0.5499021526418787
vms: 0.004462907652825868
nmi: 0.0044629076528258675
ari: 0.006165085550600039
