haydn_, dvorak_(c)contributors-kunstderf
acc: 0.8732943469785575
vms: 0.021880599919809708
nmi: 0.021880599919809705
ari: 0.054943265508537946
