haydn_, faure_(c)contributors-kunstderf
acc: 0.696911196911197
vms: 0.11853796678196449
nmi: 0.11853796678196447
ari: 0.13275915276018474
