haydn_, handel_
acc: 0.5198863636363636
vms: 0.0013686113665750935
nmi: 0.0013686113665750935
ari: 0.0002631871002236931
