haydn_, schumann_(c)contributors-kunstderf
acc: 0.7228682170542635
vms: 0.06618385438303025
nmi: 0.06618385438303025
ari: 0.13143342750191747
