haydn_, chopin_
acc: 0.6621848739495798
vms: 0.0897905686516481
nmi: 0.0897905686516481
ari: 0.10266579058771833
