haydn_, alkan_(c)contributors-kunstderf
acc: 0.7699386503067485
vms: 0.19158770474688527
nmi: 0.19158770474688525
ari: 0.2839260556192997
