haydn_, brahms_
acc: 0.7932862190812721
vms: 0.26887249772291083
nmi: 0.2688724977229109
ari: 0.3277097124638345
