mozart_, soler_(c)contributors-kunstderf
acc: 0.5012468827930174
vms: 0.021670421010459087
nmi: 0.021670421010459084
ari: -0.010687899456269653
