mozart_, debussy_
acc: 0.7523809523809524
vms: 0.16627688511793073
nmi: 0.16627688511793073
ari: 0.24891540928377598
