mozart_, handel_
acc: 0.5364238410596026
vms: 0.004413085622521363
nmi: 0.004413085622521363
ari: 0.0036777550191597654
