mozart_, schumann_(c)contributors-kunstderf
acc: 0.5408653846153846
vms: 0.0005757387365370374
nmi: 0.0005757387365370374
ari: -0.004725409343696787
