mozart_, beethoven_
acc: 0.5373711340206185
vms: 0.007241946501091858
nmi: 0.007241946501091857
ari: 0.0039088237543532895
