mozart_, shostakovich_(c)contributors-kunstderf
acc: 0.5647321428571429
vms: 0.009063984594204976
nmi: 0.009063984594204976
ari: 0.013497981402236596
