mozart_, scarlatti_
acc: 0.7995570321151716
vms: 0.3152508607387507
nmi: 0.31525086073875064
ari: 0.35824894199065904
