mozart_, dvorak_(c)contributors-kunstderf
acc: 0.612590799031477
vms: 0.024884236925419693
nmi: 0.024884236925419693
ari: 0.03899850843693553
