mozart_, scriabin_(c)contributors-kunstderf
acc: 0.7043879907621247
vms: 0.16491116103209244
nmi: 0.1649111610320924
ari: 0.1615991000796172
