mozart_, alkan_(c)contributors-kunstderf
acc: 0.6757246376811594
vms: 0.07742409434231362
nmi: 0.07742409434231362
ari: 0.12018823761279099
