mozart_, bach_
acc: 0.5297138664710198
vms: 0.04323503792641628
nmi: 0.04323503792641628
ari: -0.013459711154459424
