mozart_, haydn_
acc: 0.5829145728643216
vms: 0.017211216942450886
nmi: 0.017211216942450883
ari: 0.026104397333913825
