mozart_, faure_(c)contributors-kunstderf
acc: 0.5454545454545454
vms: 0.006092247079039714
nmi: 0.006092247079039714
ari: 0.006122558124673134
