mozart_, dandrieu_(c)contributors-kunstderf
acc: 0.6228710462287105
vms: 0.0836101710463781
nmi: 0.0836101710463781
ari: 0.05823145606020758
