mozart_, schubert_
acc: 0.559322033898305
vms: 0.0054756199980477245
nmi: 0.0054756199980477245
ari: 0.010984856615202456
