mozart_, byrd_(c)contributors-kunstderf
acc: 0.7733333333333333
vms: 0.2811687193611528
nmi: 0.28116871936115284
ari: 0.29265153462583415
