mozart_, brahms_
acc: 0.6223175965665236
vms: 0.02838732483157342
nmi: 0.028387324831573423
ari: 0.05187639150418357
