mozart_, buxtehude_(c)contributors-kunstderf
acc: 0.5371702637889688
vms: 0.036277094626834205
nmi: 0.036277094626834205
ari: -0.04028789631965509
