mozart_, chopin_
acc: 0.5434343434343434
vms: 0.005352421271785578
nmi: 0.005352421271785578
ari: 0.005753467383457469
