scarlatti_, mozart_
acc: 0.8272425249169435
vms: 0.37060061701362407
nmi: 0.3706006170136241
ari: 0.4277452171439346
