scarlatti_, faure_(c)contributors-kunstderf
acc: 0.5328
vms: 0.0014642454863149825
nmi: 0.0014642454863149823
ari: 0.0019934424390574764
