scarlatti_, soler_(c)contributors-kunstderf
acc: 0.5098684210526315
vms: 0.0007750049778316307
nmi: 0.0007750049778316306
ari: -0.0013829466192087688
