scarlatti_, dvorak_(c)contributors-kunstderf
acc: 0.6241935483870967
vms: 0.1257052854522951
nmi: 0.12570528545229506
ari: 0.05914618572978467
