scarlatti_, byrd_(c)contributors-kunstderf
acc: 0.5205479452054794
vms: 0.01230924361473312
nmi: 0.012309243614733118
ari: -0.0009616544099144885
