scarlatti_, chopin_
acc: 0.6709401709401709
vms: 0.20368057180143465
nmi: 0.20368057180143465
ari: 0.1155024937910703
