scarlatti_, brahms_
acc: 0.5542347696879644
vms: 0.009724896949908208
nmi: 0.009724896949908208
ari: 0.010140335041406351
