scarlatti_, dandrieu_(c)contributors-kunstderf
acc: 0.56957928802589
vms: 0.039374791811992646
nmi: 0.039374791811992646
ari: 0.018365856927196854
