scarlatti_, handel_
acc: 0.5832305795314426
vms: 0.0418369836629356
nmi: 0.0418369836629356
ari: 0.024628739324722804
