scarlatti_, schubert_
acc: 0.6178861788617886
vms: 0.10035461957094075
nmi: 0.10035461957094072
ari: 0.051809241087764565
