scarlatti_, scarlatti_
acc: 0.5
vms: 6.407460748705745e-16
nmi: 6.407460748705745e-16
ari: -0.0009022895280329192
