scarlatti_, beethoven_
acc: 0.7965412004069176
vms: 0.31406181337881456
nmi: 0.31406181337881456
ari: 0.35093212335557017
