scarlatti_, debussy_
acc: 0.644808743169399
vms: 0.12002305686769038
nmi: 0.12002305686769038
ari: 0.08230064718049321
