scarlatti_, buxtehude_(c)contributors-kunstderf
acc: 0.5176282051282052
vms: 0.08068575393947797
nmi: 0.08068575393947795
ari: -0.01519713641485018
