scarlatti_, alkan_(c)contributors-kunstderf
acc: 0.6627140974967062
vms: 0.17156165947176033
nmi: 0.1715616594717603
ari: 0.10210329632321116
