scarlatti_, bach_
acc: 0.7490445859872611
vms: 0.15071005240459714
nmi: 0.15071005240459714
ari: 0.23963562340867642
