scarlatti_, haydn_
acc: 0.9521435692921236
vms: 0.7226631632581966
nmi: 0.7226631632581965
ari: 0.8175409378195089
