schubert_, debussy_
acc: 0.6222222222222222
vms: 0.04359635107972608
nmi: 0.04359635107972608
ari: 0.05712750314139933
