schumann_(c)contributors-kunstderf, alkan_(c)contributors-kunstderf
acc: 0.5625
vms: 0.07232344927739441
nmi: 0.07232344927739441
ari: 1.216013191307634e-05
