schumann_(c)contributors-kunstderf, debussy_
acc: 0.5959183673469388
vms: 0.05021062852476198
nmi: 0.05021062852476197
ari: 0.03271521777801607
