schubert_, scarlatti_
acc: 0.6246612466124661
vms: 0.09732259079419497
nmi: 0.09732259079419499
ari: 0.059740360771558594
