schubert_, beethoven_
acc: 0.613747954173486
vms: 0.02304083963496105
nmi: 0.023040839634961053
ari: 0.04559942678249907
