schumann_(c)contributors-kunstderf, scriabin_(c)contributors-kunstderf
acc: 0.7058823529411765
vms: 0.14429949787312468
nmi: 0.14429949787312465
ari: 0.16402614568433246
