schumann_(c)contributors-kunstderf, dandrieu_(c)contributors-kunstderf
acc: 0.7786259541984732
vms: 0.24302718502137682
nmi: 0.2430271850213768
ari: 0.3052133747288078
