schubert_, scriabin_(c)contributors-kunstderf
acc: 0.6455223880597015
vms: 0.04435788146644498
nmi: 0.044357881466444975
ari: 0.07718013955119143
