schubert_, bach_
acc: 0.6252086811352254
vms: 0.017532930703012546
nmi: 0.01753293070301255
ari: 0.04017166696636223
