schumann_(c)contributors-kunstderf, chopin_
acc: 0.6976744186046512
vms: 0.14361206135745827
nmi: 0.14361206135745827
ari: 0.15287422652415955
