schubert_, brahms_
acc: 0.5149501661129569
vms: 0.004260541901180759
nmi: 0.004260541901180759
ari: -0.003972717107038379
