schubert_, mozart_
acc: 0.5461393596986818
vms: 0.0016316083420766165
nmi: 0.0016316083420766165
ari: 0.004511445681672295
