schumann_(c)contributors-kunstderf, beethoven_
acc: 0.5645161290322581
vms: 0.008144853008308967
nmi: 0.008144853008308967
ari: 0.011614476890379023
