schumann_(c)contributors-kunstderf, schubert_
acc: 0.5338645418326693
vms: 0.0008633671646429184
nmi: 0.0008633671646429184
ari: -2.0472174127434866e-05
