schubert_, soler_(c)contributors-kunstderf
acc: 0.559322033898305
vms: 0.04014908236263677
nmi: 0.04014908236263677
ari: 0.007515096793348637
