schumann_(c)contributors-kunstderf, mozart_
acc: 0.5408653846153846
vms: 0.0011545127576152888
nmi: 0.0011545127576152888
ari: 0.002354716988926225
