schumann_(c)contributors-kunstderf, handel_
acc: 0.5524691358024691
vms: 0.024192422213123243
nmi: 0.02419242221312325
ari: 0.007950158620953255
