schubert_, alkan_(c)contributors-kunstderf
acc: 0.5064599483204134
vms: 0.000307878243592622
nmi: 0.000307878243592622
ari: -0.0024291926336245232
