schumann_(c)contributors-kunstderf, byrd_(c)contributors-kunstderf
acc: 0.8823529411764706
vms: 0.5002395742965529
nmi: 0.5002395742965529
ari: 0.5823530574721734
