schubert_, faure_(c)contributors-kunstderf
acc: 0.5217391304347826
vms: 9.68383139803125e-05
nmi: 9.683831398031252e-05
ari: -0.002403735240842307
