schubert_, handel_
acc: 0.5079726651480638
vms: 0.0005162394870908978
nmi: 0.0005162394870908978
ari: -0.002066705918847723
