schumann_(c)contributors-kunstderf, schumann_(c)contributors-kunstderf
acc: 0.5
vms: 3.207431709799643e-16
nmi: 3.2074317097996437e-16
ari: -0.007436672089240038
