schumann_(c)contributors-kunstderf, bach_
acc: 0.6648199445983379
vms: 0.002620355179886025
nmi: 0.0026203551798860253
ari: 0.015290097489699934
