schumann_(c)contributors-kunstderf, haydn_
acc: 0.6705426356589147
vms: 0.03681725961026551
nmi: 0.0368172596102655
ari: 0.07428224634818913
