schubert_, dvorak_(c)contributors-kunstderf
acc: 0.5040322580645161
vms: 0.0030408696129960774
nmi: 0.003040869612996078
ari: -0.005184943373763004
