schumann_(c)contributors-kunstderf, brahms_
acc: 0.5806451612903226
vms: 0.014793733342113511
nmi: 0.014793733342113513
ari: 0.02048561178501321
