schubert_, shostakovich_(c)contributors-kunstderf
acc: 0.5512367491166078
vms: 0.0019282663656353528
nmi: 0.001928266365635353
ari: 0.004383442895981192
