schubert_, dandrieu_(c)contributors-kunstderf
acc: 0.6341463414634146
vms: 0.19280642251677244
nmi: 0.19280642251677244
ari: 0.059182314118065134
