schubert_, haydn_
acc: 0.7448494453248812
vms: 0.17251265365254684
nmi: 0.17251265365254684
ari: 0.234658293510375
