schubert_, chopin_
acc: 0.6
vms: 0.03037891240609898
nmi: 0.030378912406098982
ari: 0.03710305718136073
