scriabin_(c)contributors-kunstderf, chopin_
acc: 0.5344827586206896
vms: 0.004057610320303995
nmi: 0.004057610320303994
ari: 0.0007343537564142089
