scriabin_(c)contributors-kunstderf, haydn_
acc: 0.7692307692307693
vms: 0.23679197447115127
nmi: 0.23679197447115127
ari: 0.26398861746693714
