scriabin_(c)contributors-kunstderf, alkan_(c)contributors-kunstderf
acc: 0.5017301038062284
vms: 0.00863225388747815
nmi: 0.00863225388747815
ari: -0.011971114234478747
