scriabin_(c)contributors-kunstderf, brahms_
acc: 0.625615763546798
vms: 0.046244170058330675
nmi: 0.04624417005833067
ari: 0.05856754437206998
