scriabin_(c)contributors-kunstderf, schubert_
acc: 0.5932835820895522
vms: 0.006672899958858699
nmi: 0.0066728999588586985
ari: 0.02136392885883514
