scriabin_(c)contributors-kunstderf, buxtehude_(c)contributors-kunstderf
acc: 0.8441558441558441
vms: 0.39047921923229206
nmi: 0.3904792192322921
ari: 0.4703470170642445
