scriabin_(c)contributors-kunstderf, debussy_
acc: 0.5687022900763359
vms: 0.004468902509093784
nmi: 0.004468902509093784
ari: 0.011239547769801688
