scriabin_(c)contributors-kunstderf, bach_
acc: 0.6254545454545455
vms: 0.07309199884783256
nmi: 0.07309199884783256
ari: 0.05008757168255731
