scriabin_(c)contributors-kunstderf, mozart_
acc: 0.6859122401847575
vms: 0.0697606216744004
nmi: 0.06976062167440042
ari: 0.11715352674474601
