scriabin_(c)contributors-kunstderf, handel_
acc: 0.5806451612903226
vms: 0.013675604634800081
nmi: 0.013675604634800081
ari: 0.021576430458482537
