scriabin_(c)contributors-kunstderf, shostakovich_(c)contributors-kunstderf
acc: 0.5837837837837838
vms: 0.021874593026384833
nmi: 0.021874593026384836
ari: 0.02279886871436254
