shostakovich_(c)contributors-kunstderf, bach_
acc: 0.6403587443946188
vms: 0.004355702083036344
nmi: 0.004355702083036344
ari: 0.0196548030464708
