shostakovich_(c)contributors-kunstderf, schumann_(c)contributors-kunstderf
acc: 0.5892857142857143
vms: 0.03270589348969661
nmi: 0.03270589348969661
ari: 0.02575588220163401
