shostakovich_(c)contributors-kunstderf, handel_
acc: 0.5196629213483146
vms: 0.0021022523345420093
nmi: 0.0021022523345420097
ari: -0.0007852022124738428
