shostakovich_(c)contributors-kunstderf, debussy_
acc: 0.516245487364621
vms: 0.006598497901467231
nmi: 0.006598497901467231
ari: -0.00523491447749676
