shostakovich_(c)contributors-kunstderf, haydn_
acc: 0.5182481751824818
vms: 0.00014058503589607323
nmi: 0.00014058503589607323
ari: -0.0019078885454653293
