shostakovich_(c)contributors-kunstderf, mozart_
acc: 0.5446428571428571
vms: 0.0029295380271924785
nmi: 0.0029295380271924785
ari: 0.004879956205521181
