shostakovich_(c)contributors-kunstderf, dvorak_(c)contributors-kunstderf
acc: 0.5333333333333333
vms: 0.0032851887388064284
nmi: 0.003285188738806428
ari: -0.0013882793397163797
