shostakovich_(c)contributors-kunstderf, schubert_
acc: 0.5759717314487632
vms: 0.0023537926702440182
nmi: 0.002353792670244018
ari: 0.009847619611316118
