shostakovich_(c)contributors-kunstderf, buxtehude_(c)contributors-kunstderf
acc: 0.7396449704142012
vms: 0.19879025083736235
nmi: 0.19879025083736235
ari: 0.2251338405184559
