soler_(c)contributors-kunstderf, beethoven_
acc: 0.5072765072765073
vms: 0.006710186165004557
nmi: 0.0067101861650045586
ari: -0.0019975492345114363
