soler_(c)contributors-kunstderf, brahms_
acc: 0.5087719298245614
vms: 0.015539240873340564
nmi: 0.015539240873340566
ari: -0.02299465060387168
