soler_(c)contributors-kunstderf, debussy_
acc: 0.5521739130434783
vms: 0.07423255361021361
nmi: 0.07423255361021361
ari: -0.00821612348925279
