soler_(c)contributors-kunstderf, schumann_(c)contributors-kunstderf
acc: 0.6446280991735537
vms: 0.0621329709988797
nmi: 0.062132970998879704
ari: 0.0760877483745242
