soler_(c)contributors-kunstderf, mozart_
acc: 0.5511221945137157
vms: 0.019180756031226757
nmi: 0.019180756031226757
ari: 0.009287614509349
