soler_(c)contributors-kunstderf, scarlatti_
acc: 0.5049342105263158
vms: 0.007455208503836112
nmi: 0.007455208503836111
ari: -0.0018753622098522378
