soler_(c)contributors-kunstderf, faure_(c)contributors-kunstderf
acc: 0.7073170731707317
vms: 0.1694783601052492
nmi: 0.16947836010524922
ari: 0.16476081511487675
