soler_(c)contributors-kunstderf, schubert_
acc: 0.5296610169491526
vms: 0.029849911249199848
nmi: 0.029849911249199855
ari: -0.008171446683861916
