soler_(c)contributors-kunstderf, alkan_(c)contributors-kunstderf
acc: 0.5914396887159533
vms: 0.0013910811704771536
nmi: 0.0013910811704771536
ari: -0.0146792513706418
