soler_(c)contributors-kunstderf, haydn_
acc: 0.5788423153692615
vms: 6.862436950042892e-05
nmi: 6.862436950042892e-05
ari: 0.000854922886009826
