soler_(c)contributors-kunstderf, bach_
acc: 0.6882022471910112
vms: 0.00022054880997808074
nmi: 0.00022054880997808077
ari: 0.004433099609041944
