soler_(c)contributors-kunstderf, dvorak_(c)contributors-kunstderf
acc: 0.5847457627118644
vms: 0.021576352635207244
nmi: 0.021576352635207244
ari: 0.020441134345459733
