soler_(c)contributors-kunstderf, handel_
acc: 0.5307443365695793
vms: 0.001753674310199919
nmi: 0.001753674310199919
ari: 0.0011778032624677032
