soler_(c)contributors-kunstderf, soler_(c)contributors-kunstderf
acc: 0.5
vms: -8.188069107583533e-16
nmi: -8.188069107583532e-16
ari: -0.00903166213373025
