bach_, beethoven_, schubert_, debussy_
acc: 0.5635052689961176
vms: 0.004189874851390553
nmi: 0.01892208244383184
ari: 0.0010143906566877333
