buxtehude_(c)contributors-kunstderf, haydn_, brahms_, alkan_(c)contributors-kunstderf
acc: 0.5363528009535161
vms: 0.014019741772585994
nmi: 0.04649608887112895
ari: 0.006133562656203138
