byrd_(c)contributors-kunstderf, handel_, chopin_, scriabin_(c)contributors-kunstderf
acc: 0.5796610169491525
vms: 0.3829545194190923
nmi: 0.43983424338419985
ari: 0.21877307175529728
