5.000000000000000000e-01 6.513535684987694641e-01 6.107594936708861111e-01 7.204968944099379158e-01 5.347985347985347859e-01 8.594771241830065911e-01 5.128205128205127750e-01 6.179775280898875955e-01 6.171003717472118844e-01 5.406824146981626944e-01 5.912408759124088142e-01 5.304347826086956985e-01 6.809815950920244942e-01 6.340579710144927938e-01 8.814229249011857892e-01 5.348837209302325091e-01 5.698529411764705621e-01 6.262975778546713279e-01 5.460526315789473450e-01 6.031128404669260368e-01
6.513535684987694641e-01 5.000000000000000000e-01 5.516285516285516222e-01 7.378640776699029180e-01 6.743542435424354498e-01 7.547000895255148167e-01 6.678141135972460729e-01 6.985157699443413915e-01 7.120370370370370239e-01 6.753355704697986406e-01 7.069124423963133452e-01 6.215578284815106436e-01 5.064935064935064402e-01 5.546588407923698227e-01 8.318471337579618208e-01 6.694490818030049972e-01 6.888273314866112385e-01 7.018181818181817855e-01 6.771300448430492835e-01 6.956928838951310645e-01
6.107594936708861111e-01 5.516285516285516222e-01 5.000000000000000000e-01 7.802197802197802234e-01 5.875251509054325583e-01 8.660377358490566335e-01 6.434782608695651662e-01 6.415478615071282809e-01 6.713995943204867922e-01 6.462809917355372136e-01 6.626506024096385783e-01 6.038011695906432275e-01 5.867579908675799594e-01 5.257731958762886793e-01 9.318413021363174398e-01 6.530278232405891670e-01 6.290322580645161255e-01 6.764132553606237996e-01 6.250000000000000000e-01 6.237006237006237352e-01
7.204968944099379158e-01 7.378640776699029180e-01 7.802197802197802234e-01 5.000000000000000000e-01 7.486631016042780695e-01 7.681818181818181879e-01 7.320754716981131560e-01 6.685082872928176378e-01 6.174863387978142271e-01 7.084745762711864847e-01 6.063829787234042978e-01 7.807486631016042899e-01 8.409893992932861995e-01 8.218884120171673358e-01 5.661218424962852769e-01 6.877076411960132418e-01 6.827956989247311315e-01 6.157635467980295818e-01 7.201834862385321223e-01 6.783625730994151670e-01
5.347985347985347859e-01 6.743542435424354498e-01 5.875251509054325583e-01 7.486631016042780695e-01 5.000000000000000000e-01 8.888888888888888395e-01 5.416666666666666297e-01 6.363636363636363535e-01 7.164179104477611526e-01 5.243902439024390461e-01 6.115107913669064477e-01 6.430769230769231015e-01 6.382978723404255650e-01 6.043165467625899456e-01 8.541666666666666297e-01 5.277777777777777901e-01 5.766423357664233196e-01 6.428571428571429047e-01 5.384615384615384359e-01 5.491803278688525136e-01
8.594771241830065911e-01 7.547000895255148167e-01 8.660377358490566335e-01 7.681818181818181879e-01 8.888888888888888395e-01 5.000000000000000000e-01 8.674698795180723065e-01 8.484848484848485084e-01 7.964071856287424644e-01 8.172043010752688685e-01 8.313953488372093359e-01 8.882681564245810124e-01 9.399999999999999467e-01 8.955555555555555491e-01 6.103500761035007827e-01 7.964912280701754721e-01 8.411764705882353033e-01 8.074866310160427885e-01 8.465346534653465094e-01 8.580645161290322287e-01
5.128205128205127750e-01 6.678141135972460729e-01 6.434782608695651662e-01 7.320754716981131560e-01 5.416666666666666297e-01 8.674698795180723065e-01 5.000000000000000000e-01 6.190476190476190688e-01 6.556603773584905870e-01 5.185185185185184897e-01 6.175115207373271797e-01 5.086848635235732274e-01 7.243697478991596439e-01 6.666666666666666297e-01 8.390313390313390851e-01 5.242424242424242875e-01 5.813953488372093359e-01 6.206896551724138122e-01 5.425101214574898911e-01 6.049999999999999822e-01
6.179775280898875955e-01 6.985157699443413915e-01 6.415478615071282809e-01 6.685082872928176378e-01 6.363636363636363535e-01 8.484848484848485084e-01 6.190476190476190688e-01 5.000000000000000000e-01 6.640625000000000000e-01 5.124999999999999556e-01 5.037593984962406291e-01 5.015673981191222097e-01 6.986301369863013866e-01 6.472019464720194515e-01 7.006472491909384592e-01 5.894308943089431319e-01 5.038167938931297218e-01 5.675675675675675436e-01 5.644171779141103906e-01 5.517241379310344751e-01
6.171003717472118844e-01 7.120370370370370239e-01 6.713995943204867922e-01 6.174863387978142271e-01 7.164179104477611526e-01 7.964071856287424644e-01 6.556603773584905870e-01 6.640625000000000000e-01 5.000000000000000000e-01 6.115702479338842590e-01 5.629629629629629983e-01 5.576323987538940319e-01 7.465886939571150238e-01 7.070217917675545305e-01 5.725806451612903691e-01 6.088709677419354982e-01 5.864661654135338020e-01 5.133333333333333082e-01 6.545454545454545414e-01 6.525423728813559698e-01
5.406824146981626944e-01 6.753355704697986406e-01 6.462809917355372136e-01 7.084745762711864847e-01 5.243902439024390461e-01 8.172043010752688685e-01 5.123456790123457338e-01 5.124999999999999556e-01 6.115702479338842590e-01 5.000000000000000000e-01 5.627530364372469451e-01 5.219399538106235248e-01 7.296000000000000263e-01 6.761904761904762307e-01 8.210382513661201864e-01 5.138888888888888395e-01 5.510204081632652517e-01 5.992366412213741000e-01 5.090252707581227609e-01 5.608695652173912860e-01
5.839416058394160114e-01 7.069124423963133452e-01 6.626506024096385783e-01 6.063829787234042978e-01 6.115107913669064477e-01 8.313953488372093359e-01 6.175115207373271797e-01 5.037593984962406291e-01 5.629629629629629983e-01 5.627530364372469451e-01 5.000000000000000000e-01 5.306748466257669161e-01 7.451737451737451279e-01 7.105263157894736725e-01 6.575999999999999623e-01 5.810276679841896996e-01 5.217391304347825942e-01 5.548387096774193283e-01 5.764705882352940680e-01 5.040650406504064707e-01
5.304347826086956985e-01 6.215578284815106436e-01 6.038011695906432275e-01 7.807486631016042899e-01 5.938461538461538014e-01 8.882681564245810124e-01 5.086848635235732274e-01 5.015673981191222097e-01 5.576323987538940319e-01 5.219399538106235248e-01 5.306748466257669161e-01 5.000000000000000000e-01 7.088068181818182323e-01 6.523178807947019875e-01 9.235511713933415301e-01 5.239179954441913756e-01 5.185185185185184897e-01 5.454545454545454142e-01 5.196629213483145993e-01 5.210355987055016458e-01
6.809815950920244942e-01 5.064935064935064402e-01 5.867579908675799594e-01 8.409893992932861995e-01 6.382978723404255650e-01 9.399999999999999467e-01 7.243697478991596439e-01 6.986301369863013866e-01 7.465886939571150238e-01 7.296000000000000263e-01 7.451737451737451279e-01 7.088068181818182323e-01 5.000000000000000000e-01 5.540201005025126024e-01 9.720837487537388188e-01 7.385103011093502312e-01 7.073643410852713531e-01 7.429643527204502496e-01 7.098540145985401395e-01 6.846307385229540854e-01
6.340579710144927938e-01 5.546588407923698227e-01 5.257731958762886793e-01 8.218884120171673358e-01 6.043165467625899456e-01 8.955555555555555491e-01 6.666666666666666297e-01 6.472019464720194515e-01 7.070217917675545305e-01 6.761904761904762307e-01 7.105263157894736725e-01 6.523178807947019875e-01 5.540201005025126024e-01 5.000000000000000000e-01 9.501661129568106379e-01 6.723163841807909824e-01 6.490384615384615641e-01 7.043879907621246605e-01 6.562500000000000000e-01 6.408977556109726192e-01
8.827404479578392360e-01 8.318471337579618208e-01 9.318413021363174398e-01 5.661218424962852769e-01 8.333333333333333703e-01 6.103500761035007827e-01 8.390313390313390851e-01 7.006472491909384592e-01 5.725806451612903691e-01 8.210382513661201864e-01 6.575999999999999623e-01 9.235511713933415301e-01 9.720837487537388188e-01 9.501661129568106379e-01 5.000000000000000000e-01 8.550135501355013989e-01 7.126805778491172028e-01 6.859374999999999778e-01 8.045801526717557550e-01 7.138157894736841813e-01
5.348837209302325091e-01 6.694490818030049972e-01 6.530278232405891670e-01 6.877076411960132418e-01 5.119047619047618625e-01 7.964912280701754721e-01 5.212121212121212377e-01 5.894308943089431319e-01 6.088709677419354982e-01 5.138888888888888395e-01 5.810276679841896996e-01 5.239179954441913756e-01 7.385103011093502312e-01 6.723163841807909824e-01 8.550135501355013989e-01 5.000000000000000000e-01 5.458167330677290430e-01 5.858208955223880299e-01 5.123674911660777154e-01 5.889830508474576121e-01
5.698529411764705621e-01 6.888273314866112385e-01 6.290322580645161255e-01 6.827956989247311315e-01 5.766423357664233196e-01 8.411764705882353033e-01 5.813953488372093359e-01 5.038167938931297218e-01 5.864661654135338020e-01 5.510204081632652517e-01 5.217391304347825942e-01 5.185185185185184897e-01 7.073643410852713531e-01 6.490384615384615641e-01 7.126805778491172028e-01 5.458167330677290430e-01 5.000000000000000000e-01 5.686274509803921351e-01 5.773809523809523281e-01 5.206611570247934306e-01
6.262975778546713279e-01 7.018181818181817855e-01 6.764132553606237996e-01 6.157635467980295818e-01 6.428571428571429047e-01 8.074866310160427885e-01 6.206896551724138122e-01 5.675675675675675436e-01 5.133333333333333082e-01 5.992366412213741000e-01 5.548387096774193283e-01 5.454545454545454142e-01 7.429643527204502496e-01 7.043879907621246605e-01 6.859374999999999778e-01 5.858208955223880299e-01 5.686274509803921351e-01 5.000000000000000000e-01 6.108108108108107892e-01 5.942028985507246119e-01
5.460526315789473450e-01 6.771300448430492835e-01 6.250000000000000000e-01 7.201834862385321223e-01 5.384615384615384359e-01 8.465346534653465094e-01 5.425101214574898911e-01 5.644171779141103906e-01 6.545454545454545414e-01 5.018050541516245744e-01 5.764705882352940680e-01 5.196629213483145993e-01 7.098540145985401395e-01 6.562500000000000000e-01 8.045801526717557550e-01 5.123674911660777154e-01 5.714285714285713969e-01 6.108108108108107892e-01 5.000000000000000000e-01 5.620915032679738577e-01
6.031128404669260368e-01 6.956928838951310645e-01 6.237006237006237352e-01 6.783625730994151670e-01 5.491803278688525136e-01 8.580645161290322287e-01 6.049999999999999822e-01 5.603448275862068506e-01 6.440677966101694407e-01 5.608695652173912860e-01 5.040650406504064707e-01 5.210355987055016458e-01 6.846307385229540854e-01 6.408977556109726192e-01 7.138157894736841813e-01 5.889830508474576121e-01 5.206611570247934306e-01 5.942028985507246119e-01 5.620915032679738577e-01 5.000000000000000000e-01
