beethoven_, handel_, mozart_, haydn_
acc: 0.3547297297297297
vms: 0.04277121625077788
nmi: 0.04277121625077787
ari: 0.04201178217890948
