brahms_, chopin_, schubert_, faure_(c)contributors-kunstderf
acc: 0.40540540540540543
vms: 0.035761786610498864
nmi: 0.03576178661049887
ari: 0.05059050631057767
