alkan_all, shostakovich_all
acc: 0.5145631067961165
vms: 0.00029593015256154084
nmi: 0.00029593015256154084
ari: -0.004277737194646287
