alkan_all, dvorak_all
acc: 0.5661764705882353
vms: 0.00763766898563069
nmi: 0.007637668985630689
ari: 0.012513594452367398
