alkan_all, debussy_all
acc: 0.5677083333333334
vms: 0.013146124265530057
nmi: 0.013146124265530055
ari: 0.01577921035011535
