alkan_all, chopin_all
acc: 0.5459610027855153
vms: 0.004842306671618072
nmi: 0.004842306671618071
ari: 0.005614906164671007
