alkan_all, haydn_all
acc: 0.5905631659056316
vms: 0.010265122077039704
nmi: 0.010265122077039704
ari: 0.025942183591458397
