alkan_all, scarlatti_all
acc: 0.5644736842105263
vms: 0.004415117455939139
nmi: 0.0044151174559391385
ari: 0.011695685187178975
