alkan_all, bach_all
acc: 0.5833333333333334
vms: 0.0004401476459380174
nmi: 0.00044014764593801743
ari: 0.004845582499867438
