alkan_all, dandrieu_all
acc: 0.503731343283582
vms: 0.0010971268944621625
nmi: 0.0010971268944621625
ari: -0.003206041630660384
