alkan_all, brahms_all
acc: 0.5833333333333334
vms: 0.01969930896406303
nmi: 0.01969930896406303
ari: 0.024881140302159398
