alkan_all, faure_all
acc: 0.5740072202166066
vms: 0.005185008582183633
nmi: 0.005185008582183633
ari: 0.01322603846180132
