alkan_all, scriabin_all
acc: 0.5257731958762887
vms: 0.0003440322891250983
nmi: 0.00034403228912509824
ari: -0.0012461839864980934
