alkan_all, schumann_all
acc: 0.5477941176470589
vms: 0.004668148736666886
nmi: 0.004668148736666886
ari: 0.005535762326119724
