alkan_all, mozart_all
acc: 0.5069204152249135
vms: 1.8672279198540914e-05
nmi: 1.8672279198540914e-05
ari: -0.00147797501512573
