alkan_all, byrd_all
acc: 0.50814332247557
vms: 0.07347028064037114
nmi: 0.07347028064037116
ari: -0.039802314118793244
