alkan_all, schubert_all
acc: 0.5139949109414759
vms: 0.00045556934948878645
nmi: 0.00045556934948878645
ari: -0.00176411677080331
