alkan_all, alkan_all
acc: 0.5
vms: -3.250641099607324e-16
nmi: -3.250641099607324e-16
ari: -0.0023527105185766565
