alkan_all, buxtehude_all
acc: 0.5234657039711191
vms: 0.0006188140404633892
nmi: 0.0006188140404633892
ari: -0.0056186716465270875
