alkan_all, soler_all
acc: 0.5111111111111111
vms: 0.005228336973244701
nmi: 0.0052283369732447
ari: -0.0043479829294527875
