alkan_all, handel_all
acc: 0.5112474437627812
vms: 3.737658735811284e-05
nmi: 3.737658735811284e-05
ari: -0.002294547340044914
