bach_all, dandrieu_all
acc: 0.9319470699432892
vms: 0.0038185474502267394
nmi: 0.0038185474502267394
ari: -0.014038235277702541
