bach_all, scriabin_all
acc: 0.6188714153561518
vms: 0.00017712181233389758
nmi: 0.00017712181233389758
ari: 0.0030600106684139047
