bach_all, alkan_all
acc: 0.5675
vms: 0.00043596652617446666
nmi: 0.00043596652617446666
ari: 0.0037803154066639293
