bach_all, buxtehude_all
acc: 0.5857544517338332
vms: 0.0016881521783202284
nmi: 0.0016881521783202284
ari: -0.007376671485766499
