bach_all, soler_all
acc: 0.6169811320754717
vms: 0.01318542344767438
nmi: 0.013185423447674382
ari: -0.025743320949904364
