bach_all, beethoven_all
acc: 0.7491548343475322
vms: 0.36032334621035716
nmi: 0.3603233462103571
ari: 0.2456774507925982
