bach_all, chopin_all
acc: 0.5630983463881636
vms: 0.00018851333259182695
nmi: 0.00018851333259182695
ari: -0.002930741823923222
