bach_all, haydn_all
acc: 0.5196959225984796
vms: 0.012921628071563022
nmi: 0.012921628071563022
ari: -0.020565439918065812
