bach_all, byrd_all
acc: 0.577028258887876
vms: 0.0488652656027315
nmi: 0.0488652656027315
ari: -0.04676234816660826
