bach_all, dvorak_all
acc: 0.6242937853107344
vms: 0.0075693364226488815
nmi: 0.0075693364226488815
ari: 0.018729432188159766
