bach_all, schubert_all
acc: 0.6128486897717667
vms: 0.0073887367344501525
nmi: 0.0073887367344501525
ari: 0.025294531503566853
