bach_all, scarlatti_all
acc: 0.5238709677419355
vms: 0.020344741867724135
nmi: 0.020344741867724135
ari: -0.007529335250727402
