bach_all, mozart_all
acc: 0.5511695906432749
vms: 0.001200877515308642
nmi: 0.001200877515308642
ari: -0.008422804650817664
