bach_all, handel_all
acc: 0.6184519155590305
vms: 0.011454706402588864
nmi: 0.011454706402588865
ari: 0.03616689545075562
