bach_all, shostakovich_all
acc: 0.5868971792538672
vms: 0.0004098855434426952
nmi: 0.0004098855434426952
ari: -0.004533768429832309
