bach_all, faure_all
acc: 0.6213683223992502
vms: 0.0012654481385570282
nmi: 0.0012654481385570282
ari: 0.007946645357403175
