bach_all, schumann_all
acc: 0.652542372881356
vms: 0.003760540458310367
nmi: 0.0037605404583103672
ari: 0.01683725119879833
