bach_all, debussy_all
acc: 0.58603066439523
vms: 0.014667929138131948
nmi: 0.014667929138131948
ari: 0.02284525187359369
