bach_all, brahms_all
acc: 0.6193895870736086
vms: 0.031010134240062846
nmi: 0.031010134240062846
ari: 0.04050930135965897
