beethoven_all, handel_all
acc: 0.9986979166666666
vms: 0.986326229895064
nmi: 0.986326229895064
ari: 0.9947679831003851
