beethoven_all, bach_all
acc: 0.8140635564570656
vms: 0.44710506656945653
nmi: 0.4471050665694565
ari: 0.39413264162396017
