beethoven_all, schubert_all
acc: 0.9985119047619048
vms: 0.9831377726848747
nmi: 0.9831377726848747
ari: 0.9938145074146199
