beethoven_all, buxtehude_all
acc: 0.9982014388489209
vms: 0.9708148385070001
nmi: 0.9708148385070002
ari: 0.9896701895802934
