beethoven_all, chopin_all
acc: 0.9984326018808778
vms: 0.9812274639004033
nmi: 0.9812274639004034
ari: 0.9932452049746374
