beethoven_all, scarlatti_all
acc: 0.5255052935514918
vms: 0.014757748650715854
nmi: 0.014757748650715852
ari: -0.001948976650850507
