brahms_all, debussy_all
acc: 0.5201342281879194
vms: 0.0063731451877536375
nmi: 0.006373145187753638
ari: -0.0036870426512738705
