brahms_all, buxtehude_all
acc: 0.5497382198952879
vms: 0.014088354901387695
nmi: 0.014088354901387691
ari: 0.004022137457088229
