brahms_all, beethoven_all
acc: 0.9983416252072969
vms: 0.9783170748376744
nmi: 0.9783170748376744
ari: 0.9923316621853754
