brahms_all, schumann_all
acc: 0.543010752688172
vms: 0.00036669510973910804
nmi: 0.0003666951097391081
ari: -0.00807142771685343
