brahms_all, shostakovich_all
acc: 0.5605381165919282
vms: 0.012579329168341721
nmi: 0.012579329168341723
ari: 0.010220484153451153
