brahms_all, mozart_all
acc: 0.540650406504065
vms: 0.00016258875376958822
nmi: 0.0001625887537695882
ari: 0.0003488756623848931
