brahms_all, chopin_all
acc: 0.5091575091575091
vms: 0.0048873563797566825
nmi: 0.004887356379756683
ari: -0.005509153777369242
