brahms_all, dandrieu_all
acc: 0.554945054945055
vms: 0.0029908162871921436
nmi: 0.002990816287192144
ari: 0.0046723267431244015
