brahms_all, bach_all
acc: 0.6597845601436265
vms: 0.0373817248111717
nmi: 0.0373817248111717
ari: 0.0636624437628422
