brahms_all, byrd_all
acc: 0.6063348416289592
vms: 0.041831061590717554
nmi: 0.04183106159071755
ari: 0.04082837376931471
