brahms_all, scriabin_all
acc: 0.5219512195121951
vms: 0.0013902428724593672
nmi: 0.0013902428724593672
ari: -0.0028616801710850005
