brahms_all, alkan_all
acc: 0.5740740740740741
vms: 0.012297757493786697
nmi: 0.012297757493786695
ari: 0.018554812621682026
