brahms_all, dvorak_all
acc: 0.5376344086021505
vms: 0.00020866668028930006
nmi: 0.00020866668028930006
ari: -0.007020579718477778
