brahms_all, faure_all
acc: 0.5130890052356021
vms: 0.003577646541352069
nmi: 0.003577646541352069
ari: -0.005760940404417043
