brahms_all, scarlatti_all
acc: 0.5014836795252225
vms: 0.00031153599040277465
nmi: 0.0003115359904027746
ari: -0.0009886547027896033
