brahms_all, soler_all
acc: 0.5108695652173914
vms: 0.0038622576194354934
nmi: 0.0038622576194354934
ari: -0.011648989466553157
