brahms_all, haydn_all
acc: 0.6322241681260946
vms: 0.06166986427887424
nmi: 0.06166986427887423
ari: 0.06688828989511954
