brahms_all, handel_all
acc: 0.5161290322580645
vms: 0.0005846032240507227
nmi: 0.0005846032240507227
ari: -0.0010822297038729455
