brahms_all, schubert_all
acc: 0.5798045602605864
vms: 0.01052392432332829
nmi: 0.01052392432332829
ari: 0.020480000573100288
