buxtehude_all, brahms_all
acc: 0.5078534031413613
vms: 0.0004789203254768498
nmi: 0.0004789203254768498
ari: -0.006202354027592122
