buxtehude_all, schumann_all
acc: 0.5467625899280576
vms: 0.005640663614987591
nmi: 0.005640663614987591
ari: 0.0022038914426043958
