buxtehude_all, shostakovich_all
acc: 0.5397727272727273
vms: 0.011491229285438173
nmi: 0.011491229285438175
ari: -0.00048467823099736636
