buxtehude_all, beethoven_all
acc: 0.9946043165467626
vms: 0.9273180233435999
nmi: 0.9273180233435998
ari: 0.9688578351682198
