buxtehude_all, chopin_all
acc: 0.5796460176991151
vms: 0.05896882540739947
nmi: 0.05896882540739947
ari: 0.01490782652766991
