buxtehude_all, byrd_all
acc: 0.5287356321839081
vms: 0.0007785124400452285
nmi: 0.0007785124400452285
ari: -0.0028616664098233126
