buxtehude_all, schubert_all
acc: 0.5230769230769231
vms: 0.007581813747541158
nmi: 0.007581813747541157
ari: -0.0026446001591402214
