buxtehude_all, soler_all
acc: 0.5912408759124088
vms: 0.028167561819782777
nmi: 0.028167561819782774
ari: 0.026311947548642207
