buxtehude_all, faure_all
acc: 0.5277777777777778
vms: 0.003658325708938345
nmi: 0.0036583257089383456
ari: -0.0017567450333997785
