buxtehude_all, handel_all
acc: 0.5280898876404494
vms: 0.01426295680191976
nmi: 0.014262956801919762
ari: -0.022802691052878053
