buxtehude_all, scarlatti_all
acc: 0.5550239234449761
vms: 0.00026554997120979446
nmi: 0.00026554997120979446
ari: 0.0015849580300267658
