buxtehude_all, dvorak_all
acc: 0.5323741007194245
vms: 0.0038389001381149914
nmi: 0.003838900138114991
ari: -0.0028726603059623856
