buxtehude_all, mozart_all
acc: 0.5191011235955056
vms: 0.008842847439030735
nmi: 0.008842847439030735
ari: -0.0009837382862125255
