buxtehude_all, bach_all
acc: 0.6204311152764761
vms: 0.0007910492846738667
nmi: 0.0007910492846738668
ari: 0.006220131833892459
