buxtehude_all, scriabin_all
acc: 0.5443037974683544
vms: 0.006875843295090781
nmi: 0.006875843295090781
ari: 0.0015295443567862979
