buxtehude_all, debussy_all
acc: 0.545816733067729
vms: 0.019510528925289875
nmi: 0.01951052892528988
ari: 0.0027570089520825587
