buxtehude_all, haydn_all
acc: 0.7404580152671756
vms: 0.00017934911360980029
nmi: 0.00017934911360980026
ari: -0.008571918694732564
