buxtehude_all, dandrieu_all
acc: 0.5555555555555556
vms: 0.00806411618343282
nmi: 0.008064116183432822
ari: 0.004980706856425451
