buxtehude_all, alkan_all
acc: 0.5306859205776173
vms: 0.010670606284957721
nmi: 0.010670606284957721
ari: -0.02314150530460404
