byrd_all, soler_all
acc: 0.6107784431137725
vms: 0.026298703888438555
nmi: 0.026298703888438555
ari: 0.04216956489845642
