byrd_all, alkan_all
acc: 0.5179153094462541
vms: 0.03442518782782189
nmi: 0.0344251878278219
ari: -0.020223066344570873
