byrd_all, byrd_all
acc: 0.5
vms: -1.5496393613313728e-15
nmi: -1.5496393613313726e-15
ari: -0.0021960876612900277
