byrd_all, schumann_all
acc: 0.6153846153846154
vms: 0.03579945834865001
nmi: 0.035799458348650004
ari: 0.047619047619047616
