byrd_all, scarlatti_all
acc: 0.502283105022831
vms: 0.000651425282944136
nmi: 0.000651425282944136
ari: -0.001362362845211093
