byrd_all, scriabin_all
acc: 0.6063829787234043
vms: 0.033242511672614744
nmi: 0.033242511672614744
ari: 0.040173769135291776
