byrd_all, dvorak_all
acc: 0.6331360946745562
vms: 0.043175746299900244
nmi: 0.043175746299900244
ari: 0.06468437834221254
