byrd_all, bach_all
acc: 0.5797629899726527
vms: 0.008882921961519054
nmi: 0.008882921961519054
ari: -0.019819617438812945
