byrd_all, shostakovich_all
acc: 0.5194174757281553
vms: 0.001260914453592801
nmi: 0.0012609144535928008
ari: -0.0032041362486118804
