byrd_all, brahms_all
acc: 0.5610859728506787
vms: 0.018749176382793203
nmi: 0.018749176382793206
ari: 0.010302952466572554
