byrd_all, haydn_all
acc: 0.5415162454873647
vms: 1.4943096986323863e-05
nmi: 1.4943096986323863e-05
ari: -0.0005511747664655011
