byrd_all, mozart_all
acc: 0.5452631578947369
vms: 0.00012682302733675653
nmi: 0.00012682302733675653
ari: 0.0003267994967472317
