byrd_all, chopin_all
acc: 0.59765625
vms: 0.04092406518422967
nmi: 0.040924065184229676
ari: 0.03371556416028398
