byrd_all, schubert_all
acc: 0.5379310344827586
vms: 0.00669378617149586
nmi: 0.00669378617149586
ari: 0.002409626238441531
