byrd_all, dandrieu_all
acc: 0.5333333333333333
vms: 0.0033216661401636763
nmi: 0.0033216661401636763
ari: -0.0013219125818134995
