byrd_all, handel_all
acc: 0.5440414507772021
vms: 0.09553907887285866
nmi: 0.09553907887285866
ari: -0.023116021339116753
