byrd_all, buxtehude_all
acc: 0.5747126436781609
vms: 0.009443885207433575
nmi: 0.009443885207433573
ari: 0.015422357071313652
