byrd_all, debussy_all
acc: 0.5480427046263345
vms: 0.00886559515355481
nmi: 0.00886559515355481
ari: 0.005875349986239555
