byrd_all, faure_all
acc: 0.6091954022988506
vms: 0.03077130298385079
nmi: 0.03077130298385079
ari: 0.04207476294072596
