chopin_all, dvorak_all
acc: 0.5384615384615384
vms: 0.0022943635002951645
nmi: 0.0022943635002951645
ari: 0.0013861849670183978
