chopin_all, buxtehude_all
acc: 0.5486725663716814
vms: 0.028020631580642975
nmi: 0.028020631580642975
ari: 0.0003256650954164459
