chopin_all, scarlatti_all
acc: 0.5119887165021156
vms: 0.0008410577941182258
nmi: 0.0008410577941182257
ari: -0.0003917832595828892
