chopin_all, mozart_all
acc: 0.5123339658444023
vms: 0.002644816757437868
nmi: 0.0026448167574378684
ari: -0.0068116926995602164
