chopin_all, schumann_all
acc: 0.5158371040723982
vms: 0.002273794836049378
nmi: 0.0022737948360493777
ari: -0.009196794419389488
