chopin_all, beethoven_all
acc: 0.9968652037617555
vms: 0.96634397850637
nmi: 0.9663439785063701
ari: 0.9864989181624351
