chopin_all, chopin_all
acc: 0.5
vms: -8.105751593925985e-16
nmi: -8.105751593925985e-16
ari: -0.003159600324061534
