chopin_all, brahms_all
acc: 0.5274725274725275
vms: 0.0003480943079056672
nmi: 0.0003480943079056672
ari: -0.0015206728562660368
