chopin_all, schubert_all
acc: 0.5233918128654971
vms: 0.0018521960147862074
nmi: 0.0018521960147862076
ari: -0.000725566307123137
