chopin_all, bach_all
acc: 0.6214099216710183
vms: 0.0038605307541950615
nmi: 0.0038605307541950615
ari: 0.019098109493563158
