chopin_all, scriabin_all
acc: 0.5416666666666666
vms: 0.0013869999101845006
nmi: 0.0013869999101845006
ari: 0.0013842765168311203
