chopin_all, haydn_all
acc: 0.6023102310231023
vms: 0.011172528299049314
nmi: 0.011172528299049314
ari: 0.030246252597156173
