chopin_all, faure_all
acc: 0.5265486725663717
vms: 0.003813248236943676
nmi: 0.0038132482369436765
ari: -0.0012049845030675877
