chopin_all, dandrieu_all
acc: 0.5253456221198156
vms: 0.00016578886643578135
nmi: 0.00016578886643578138
ari: -0.005265648273106753
