chopin_all, byrd_all
acc: 0.5859375
vms: 0.039267128080096976
nmi: 0.03926712808009697
ari: 0.02412078806849567
