chopin_all, handel_all
acc: 0.5570776255707762
vms: 0.0012205655775358378
nmi: 0.0012205655775358378
ari: 0.005159259295176404
