chopin_all, debussy_all
acc: 0.5315315315315315
vms: 0.0030418382023398695
nmi: 0.0030418382023398695
ari: 0.0009836586133295288
