chopin_all, alkan_all
acc: 0.520891364902507
vms: 0.00030680701947850825
nmi: 0.0003068070194785083
ari: -0.001404991650074717
