chopin_all, soler_all
acc: 0.502283105022831
vms: 0.0008780363392394922
nmi: 0.0008780363392394924
ari: -0.005048466053676465
