chopin_all, shostakovich_all
acc: 0.5232558139534884
vms: 0.003207685855403023
nmi: 0.003207685855403023
ari: -0.010565640583566694
