dandrieu_all, buxtehude_all
acc: 0.5481481481481482
vms: 0.004722977172037929
nmi: 0.004722977172037929
ari: 0.0021617113151994826
