dandrieu_all, handel_all
acc: 0.521613832853026
vms: 0.0044248061134585384
nmi: 0.004424806113458538
ari: -0.009376368130633448
