dandrieu_all, dvorak_all
acc: 0.5230769230769231
vms: 0.0019338608549746737
nmi: 0.0019338608549746734
ari: -0.005495199380168834
