dandrieu_all, haydn_all
acc: 0.6174757281553398
vms: 0.0032478327116274457
nmi: 0.003247832711627446
ari: 0.01585325715207217
