dandrieu_all, schubert_all
acc: 0.5059760956175299
vms: 0.0035742456876456216
nmi: 0.0035742456876456216
ari: -0.004947379746355675
