dandrieu_all, scriabin_all
acc: 0.5033557046979866
vms: 0.0007042882145294219
nmi: 0.0007042882145294219
ari: -0.007558578688467262
