dandrieu_all, brahms_all
acc: 0.5164835164835165
vms: 2.920352044873311e-05
nmi: 2.9203520448733113e-05
ari: -0.0046344040134141205
