dandrieu_all, chopin_all
acc: 0.5161290322580645
vms: 0.0009644014067803399
nmi: 0.0009644014067803401
ari: -0.006806678904082389
