dandrieu_all, beethoven_all
acc: 0.9872029250457038
vms: 0.8439554679049952
nmi: 0.8439554679049953
ari: 0.919160199451746
