dandrieu_all, debussy_all
acc: 0.5165289256198347
vms: 0.0007303224942540429
nmi: 0.0007303224942540428
ari: -0.005622597265086505
