dandrieu_all, mozart_all
acc: 0.5848623853211009
vms: 0.0064815991152621
nmi: 0.0064815991152621
ari: 0.015609819480492514
