dandrieu_all, scarlatti_all
acc: 0.5129449838187702
vms: 0.002171182703128155
nmi: 0.0021711827031281545
ari: 7.018617279428693e-05
