dandrieu_all, faure_all
acc: 0.5111111111111111
vms: 0.00014178575204245545
nmi: 0.00014178575204245545
ari: -0.006939585868959646
