dandrieu_all, alkan_all
acc: 0.5485074626865671
vms: 3.9786987208698986e-05
nmi: 3.9786987208699e-05
ari: -0.0037998006575376228
