dandrieu_all, byrd_all
acc: 0.5272727272727272
vms: 0.0015491438758589618
nmi: 0.001549143875858962
ari: -0.002888778552231652
