dandrieu_all, schumann_all
acc: 0.5615384615384615
vms: 0.010539899031912311
nmi: 0.010539899031912311
ari: 0.007926017693045797
