dandrieu_all, shostakovich_all
acc: 0.562874251497006
vms: 0.0039477738642831545
nmi: 0.003947773864283155
ari: 0.007235702923038853
