dandrieu_all, soler_all
acc: 0.5390625
vms: 0.004342254203823955
nmi: 0.004342254203823955
ari: -0.0013014554222466814
