dandrieu_all, bach_all
acc: 0.6294896030245747
vms: 0.00018906202369625913
nmi: 0.00018906202369625913
ari: 0.0030013926120024416
