dandrieu_all, dandrieu_all
acc: 0.5
vms: 3.210728369812329e-16
nmi: 3.210728369812329e-16
ari: -0.008013312175805276
