debussy_all, scriabin_all
acc: 0.5358490566037736
vms: 0.0008234205464330424
nmi: 0.0008234205464330424
ari: 0.00018019516141436507
