debussy_all, soler_all
acc: 0.5778688524590164
vms: 0.02222697672077586
nmi: 0.022226976720775858
ari: 0.021048439779449268
