debussy_all, dvorak_all
acc: 0.5528455284552846
vms: 0.005736265285771026
nmi: 0.005736265285771025
ari: 0.007100945825175264
