debussy_all, byrd_all
acc: 0.5338078291814946
vms: 0.004697486375006313
nmi: 0.004697486375006313
ari: 0.0011990299227736605
