debussy_all, brahms_all
acc: 0.5268456375838926
vms: 0.0014971582300830903
nmi: 0.0014971582300830906
ari: -0.00043152917229820874
