debussy_all, alkan_all
acc: 0.5546875
vms: 0.007984620635706926
nmi: 0.007984620635706926
ari: 0.00937781004353028
