debussy_all, chopin_all
acc: 0.5105105105105106
vms: 0.000386658557389761
nmi: 0.00038665855738976104
ari: -0.0025627981566420325
