debussy_all, schumann_all
acc: 0.5284552845528455
vms: 0.00039368889200791366
nmi: 0.00039368889200791366
ari: -0.0013516830205832753
