debussy_all, handel_all
acc: 0.5226781857451404
vms: 5.969574330746014e-05
nmi: 5.969574330746014e-05
ari: -0.0012959594867493842
