debussy_all, schubert_all
acc: 0.5013623978201635
vms: 1.4035666030653135e-05
nmi: 1.4035666030653135e-05
ari: -0.002720694813611889
