debussy_all, faure_all
acc: 0.5338645418326693
vms: 0.0014349628570101188
nmi: 0.001434962857010119
ari: 0.0004975635879426473
