debussy_all, haydn_all
acc: 0.6228209191759112
vms: 0.028792578010607143
nmi: 0.028792578010607143
ari: 0.05387106708032797
