debussy_all, mozart_all
acc: 0.5851449275362319
vms: 0.006164594323144931
nmi: 0.006164594323144931
ari: 0.01975139855602048
