debussy_all, scarlatti_all
acc: 0.5313351498637602
vms: 0.00689981391371991
nmi: 0.006899813913719911
ari: 0.0026452316853991186
