debussy_all, shostakovich_all
acc: 0.5300353356890459
vms: 0.0076850187140914475
nmi: 0.007685018714091447
ari: -0.00096419200233645
