debussy_all, debussy_all
acc: 0.5
vms: -1.1583820674006551e-15
nmi: -1.1583820674006551e-15
ari: -0.0025620967964586575
