debussy_all, buxtehude_all
acc: 0.5418326693227091
vms: 0.011425614305395486
nmi: 0.011425614305395486
ari: 0.003101600285780906
