debussy_all, bach_all
acc: 0.5792163543441227
vms: 0.0009961983265912948
nmi: 0.000996198326591295
ari: 0.006578312264678555
