debussy_all, dandrieu_all
acc: 0.5082644628099173
vms: 0.0004305712712486431
nmi: 0.00043057127124864316
ari: -0.0029477290090461628
