dvorak_all, faure_all
acc: 0.539568345323741
vms: 0.004390334442874574
nmi: 0.004390334442874574
ari: -0.0009737342237835359
