dvorak_all, scarlatti_all
acc: 0.5112540192926045
vms: 0.0003876569368322419
nmi: 0.0003876569368322419
ari: -0.0002143584646438504
