dvorak_all, alkan_all
acc: 0.5919117647058824
vms: 0.005894729648653442
nmi: 0.005894729648653442
ari: 0.018945706645526944
