dvorak_all, mozart_all
acc: 0.5704545454545454
vms: 0.003742092091403785
nmi: 0.0037420920914037845
ari: 0.009806961121013784
