dvorak_all, bach_all
acc: 0.655367231638418
vms: 0.006015539064299126
nmi: 0.006015539064299126
ari: 0.021576635383424584
