dvorak_all, dvorak_all
acc: 0.5
vms: -3.2036839169646876e-16
nmi: -3.2036839169646876e-16
ari: -0.007574057166580335
