dvorak_all, buxtehude_all
acc: 0.5467625899280576
vms: 0.005759269042374972
nmi: 0.0057592690423749725
ari: 0.0016845945879317061
