dvorak_all, chopin_all
acc: 0.5656108597285068
vms: 0.009947211573715408
nmi: 0.009947211573715408
ari: 0.012739678662400788
