dvorak_all, brahms_all
acc: 0.553763440860215
vms: 0.0006293685476814056
nmi: 0.0006293685476814057
ari: 0.00041591134075036356
