dvorak_all, scriabin_all
acc: 0.5490196078431373
vms: 0.005316328945102151
nmi: 0.005316328945102152
ari: 0.003043830760595548
