dvorak_all, byrd_all
acc: 0.6568047337278107
vms: 0.06439678117314811
nmi: 0.06439678117314811
ari: 0.09255598790130885
