dvorak_all, soler_all
acc: 0.5303030303030303
vms: 0.002838447768434413
nmi: 0.0028384477684344133
ari: -0.0039049505531134243
