dvorak_all, schumann_all
acc: 0.5671641791044776
vms: 0.013071525380152828
nmi: 0.013071525380152828
ari: 0.010611726903292784
