dvorak_all, shostakovich_all
acc: 0.5380116959064327
vms: 0.0017351973916096526
nmi: 0.0017351973916096526
ari: -0.000576608137439426
