dvorak_all, handel_all
acc: 0.5071225071225072
vms: 0.0001100990886690798
nmi: 0.0001100990886690798
ari: -0.0015928338451438161
