dvorak_all, schubert_all
acc: 0.5137254901960784
vms: 0.000335029786626938
nmi: 0.00033502978662693805
ari: -0.0023898848589704595
