dvorak_all, haydn_all
acc: 0.7572254335260116
vms: 0.018363501653447814
nmi: 0.018363501653447814
ari: 0.08582881729127453
