dvorak_all, debussy_all
acc: 0.5121951219512195
vms: 0.002155111607599809
nmi: 0.002155111607599809
ari: -0.0031379085636260963
