faure_all, beethoven_all
acc: 0.9262589928057554
vms: 0.42167101694015735
nmi: 0.42167101694015735
ari: 0.5176056706070837
