faure_all, dandrieu_all
acc: 0.5481481481481482
vms: 0.004976981327489025
nmi: 0.004976981327489025
ari: 0.0020589846302077044
