faure_all, debussy_all
acc: 0.50199203187251
vms: 0.0009605536357294886
nmi: 0.0009605536357294887
ari: -0.0045268491394780215
