faure_all, faure_all
acc: 0.5
vms: 9.078954542958662e-16
nmi: 9.078954542958662e-16
ari: -0.004858159104710613
