faure_all, buxtehude_all
acc: 0.6944444444444444
vms: 0.12097881376584418
nmi: 0.12097881376584417
ari: 0.14555449330783946
