faure_all, bach_all
acc: 0.6410496719775071
vms: 0.006689431823327177
nmi: 0.006689431823327177
ari: 0.021072572725231473
