faure_all, byrd_all
acc: 0.6954022988505747
vms: 0.10281675655380469
nmi: 0.10281675655380468
ari: 0.14724996243677493
