faure_all, alkan_all
acc: 0.5848375451263538
vms: 0.01566178955857747
nmi: 0.015661789558577475
ari: 0.02395650637934514
