faure_all, haydn_all
acc: 0.6908396946564885
vms: 0.04744515825243662
nmi: 0.04744515825243662
ari: 0.09607979196787707
