faure_all, scarlatti_all
acc: 0.5167464114832536
vms: 0.0011804976200628843
nmi: 0.0011804976200628843
ari: 0.00035041107338994166
