faure_all, shostakovich_all
acc: 0.5852272727272727
vms: 0.01602793838390556
nmi: 0.016027938383905555
ari: 0.02306984906392638
