faure_all, soler_all
acc: 0.5182481751824818
vms: 0.002403835347685011
nmi: 0.0024038353476850114
ari: -0.005529924705680324
