faure_all, dvorak_all
acc: 0.5251798561151079
vms: 0.002161940735767489
nmi: 0.002161940735767489
ari: -0.004665129364655696
