faure_all, handel_all
acc: 0.5533707865168539
vms: 0.0001268705007203905
nmi: 0.0001268705007203905
ari: 0.00021346016998922444
