faure_all, brahms_all
acc: 0.518324607329843
vms: 0.002334691682323073
nmi: 0.0023346916823230725
ari: -0.010568403199332978
