faure_all, schubert_all
acc: 0.5692307692307692
vms: 0.003191787676091477
nmi: 0.003191787676091477
ari: 0.009492998147356095
