faure_all, chopin_all
acc: 0.5398230088495575
vms: 0.008060581322430035
nmi: 0.008060581322430033
ari: 0.0022431685574264364
