faure_all, scriabin_all
acc: 0.5189873417721519
vms: 0.0009906522179906803
nmi: 0.00099065221799068
ari: -0.0049086080520932855
