faure_all, schumann_all
acc: 0.5251798561151079
vms: 0.0019748229842949665
nmi: 0.0019748229842949665
ari: -0.004719914556239983
