handel_all, schubert_all
acc: 0.548728813559322
vms: 0.00821728446970914
nmi: 0.00821728446970914
ari: 0.0074434796970491756
