handel_all, debussy_all
acc: 0.5269978401727862
vms: 2.5020351664143207e-05
nmi: 2.5020351664143207e-05
ari: -0.0014012084759858151
