handel_all, buxtehude_all
acc: 0.5112359550561798
vms: 0.009967836755845326
nmi: 0.009967836755845326
ari: -0.012885808791502605
