handel_all, shostakovich_all
acc: 0.5463917525773195
vms: 0.0003223579437020106
nmi: 0.00032235794370201064
ari: -0.005482126904529043
