handel_all, chopin_all
acc: 0.5616438356164384
vms: 0.006636678007601906
nmi: 0.006636678007601906
ari: 0.01203091820238194
