handel_all, dvorak_all
acc: 0.5327635327635327
vms: 0.0011206441028265312
nmi: 0.0011206441028265312
ari: 0.0011705314310046474
