handel_all, handel_all
acc: 0.5
vms: 8.107150068210698e-16
nmi: 8.107150068210697e-16
ari: -0.0017074517019318356
