handel_all, bach_all
acc: 0.5629397967161845
vms: 0.0026989446792998672
nmi: 0.0026989446792998672
ari: 0.009188659672673682
