handel_all, faure_all
acc: 0.5196629213483146
vms: 0.0035240670858282487
nmi: 0.003524067085828249
ari: -0.008473207278734404
