handel_all, scarlatti_all
acc: 0.5220500595947557
vms: 0.0004725509849342727
nmi: 0.0004725509849342727
ari: 0.0004646220580284234
