handel_all, brahms_all
acc: 0.511166253101737
vms: 0.0038614270059613718
nmi: 0.0038614270059613718
ari: -0.0032979380090915333
