handel_all, scriabin_all
acc: 0.5378378378378378
vms: 0.0025968114135711405
nmi: 0.002596811413571141
ari: -0.011050701799021906
