handel_all, schumann_all
acc: 0.5384615384615384
vms: 0.0007892925425366033
nmi: 0.0007892925425366035
ari: -0.005951150197614494
