handel_all, haydn_all
acc: 0.5692934782608695
vms: 0.005379516754512507
nmi: 0.005379516754512507
ari: 0.014598619524952079
