handel_all, alkan_all
acc: 0.5071574642126789
vms: 0.00017835198220185063
nmi: 0.00017835198220185063
ari: -0.0025964938145573964
