handel_all, mozart_all
acc: 0.563165905631659
vms: 0.007597211213499815
nmi: 0.0075972112134998155
ari: 0.013782128781600124
