handel_all, soler_all
acc: 0.5730659025787965
vms: 0.001256527526232705
nmi: 0.001256527526232705
ari: 0.006107752443100742
