handel_all, byrd_all
acc: 0.5129533678756477
vms: 0.03870639504370527
nmi: 0.038706395043705266
ari: -0.023930165982743702
