handel_all, dandrieu_all
acc: 0.5187319884726225
vms: 0.004227187422906562
nmi: 0.004227187422906562
ari: -0.0005871748871174822
