haydn_all, bach_all
acc: 0.5141672425708362
vms: 0.00920175563945719
nmi: 0.00920175563945719
ari: -0.01474844781405382
