haydn_all, scarlatti_all
acc: 0.5024826216484608
vms: 5.843092026455926e-05
nmi: 5.843092026455926e-05
ari: -0.0009741714903045489
