haydn_all, byrd_all
acc: 0.572202166064982
vms: 0.0018226787090505308
nmi: 0.0018226787090505304
ari: -0.01219390205336161
