haydn_all, alkan_all
acc: 0.5996955859969558
vms: 0.012732766974952467
nmi: 0.012732766974952467
ari: 0.031886449373177424
