haydn_all, debussy_all
acc: 0.6022187004754358
vms: 0.015611536522940719
nmi: 0.015611536522940719
ari: 0.03458818345622996
