haydn_all, faure_all
acc: 0.6946564885496184
vms: 0.0490449626083041
nmi: 0.0490449626083041
ari: 0.09983026786854322
