haydn_all, dvorak_all
acc: 0.7591522157996147
vms: 0.024207913188002007
nmi: 0.024207913188002007
ari: 0.09916437868502327
