haydn_all, soler_all
acc: 0.7311411992263056
vms: 0.020437611060094805
nmi: 0.02043761106009481
ari: -0.0736176287258453
