haydn_all, brahms_all
acc: 0.6164623467600701
vms: 0.01990793863097231
nmi: 0.01990793863097231
ari: 0.04173902227323086
