haydn_all, buxtehude_all
acc: 0.6202290076335878
vms: 0.0005837690456177572
nmi: 0.0005837690456177573
ari: 0.007097018757176019
