haydn_all, shostakovich_all
acc: 0.5881294964028777
vms: 0.0017689505490483166
nmi: 0.0017689505490483164
ari: 0.010123033912911921
