haydn_all, chopin_all
acc: 0.6221122112211221
vms: 0.016426263202550653
nmi: 0.01642626320255065
ari: 0.04397842604924719
