haydn_all, schumann_all
acc: 0.6936416184971098
vms: 0.018431161310945944
nmi: 0.018431161310945944
ari: 0.06419597973457221
