haydn_all, dandrieu_all
acc: 0.6912621359223301
vms: 0.004214597818701338
nmi: 0.004214597818701339
ari: 0.030510909774908425
