haydn_all, mozart_all
acc: 0.5793939393939394
vms: 0.014611473099463012
nmi: 0.01461147309946301
ari: 0.023595940303800286
