haydn_all, scriabin_all
acc: 0.6059479553903345
vms: 0.010361704850887908
nmi: 0.010361704850887906
ari: 0.026473693735339435
