haydn_all, schubert_all
acc: 0.609375
vms: 0.019298754024888946
nmi: 0.019298754024888943
ari: 0.04091250726752861
