haydn_all, handel_all
acc: 0.5910326086956522
vms: 0.012628384107506238
nmi: 0.012628384107506236
ari: 0.028464874869800642
