mozart_all, scriabin_all
acc: 0.5315904139433552
vms: 0.0074384330166447
nmi: 0.007438433016644698
ari: 0.0025750838316390312
