mozart_all, schumann_all
acc: 0.5431818181818182
vms: 0.013052405080954748
nmi: 0.01305240508095475
ari: 0.006289895837029204
