mozart_all, buxtehude_all
acc: 0.5303370786516854
vms: 0.009087117615896333
nmi: 0.009087117615896333
ari: -0.015266302704987722
