mozart_all, brahms_all
acc: 0.5630081300813008
vms: 0.004419515591385121
nmi: 0.004419515591385122
ari: 0.010501775915691826
