mozart_all, faure_all
acc: 0.5573033707865168
vms: 6.211195652223656e-07
nmi: 6.211195652223656e-07
ari: -0.0010636426676341446
