mozart_all, soler_all
acc: 0.541095890410959
vms: 0.0020668077833746437
nmi: 0.0020668077833746433
ari: 0.003295787412091755
