mozart_all, alkan_all
acc: 0.5484429065743944
vms: 0.011907305907294415
nmi: 0.011907305907294413
ari: 0.007290534162337853
