mozart_all, handel_all
acc: 0.5266362252663622
vms: 0.0009880351815786518
nmi: 0.0009880351815786518
ari: 0.00107444650222325
