mozart_all, chopin_all
acc: 0.538899430740038
vms: 1.9394544031539044e-05
nmi: 1.9394544031539047e-05
ari: -0.000854976786202792
