mozart_all, haydn_all
acc: 0.5733333333333334
vms: 0.013077985730078021
nmi: 0.01307798573007802
ari: 0.0201360267483274
