mozart_, bach_
acc: 0.5260454878943507
vms: 0.015946327643528414
nmi: 0.015946327643528414
ari: -0.025152878996235657
