mozart_all, dandrieu_all
acc: 0.6032110091743119
vms: 0.001128222199423812
nmi: 0.0011282221994238118
ari: 0.008481250847390973
