mozart_all, schubert_all
acc: 0.5258467023172906
vms: 0.0024115078864907816
nmi: 0.0024115078864907816
ari: 0.0010793418718508402
