mozart_all, mozart_all
acc: 0.5
vms: -6.440746515877334e-16
nmi: -6.440746515877334e-16
ari: -0.0013244971566695632
