mozart_all, scarlatti_all
acc: 0.521551724137931
vms: 0.0010297067255705358
nmi: 0.001029706725570536
ari: 0.000782380024131276
