mozart_all, shostakovich_all
acc: 0.5429769392033543
vms: 0.0004720746080374814
nmi: 0.00047207460803748143
ari: -0.005130276006296688
