mozart_all, debussy_all
acc: 0.5815217391304348
vms: 0.014715675767873087
nmi: 0.014715675767873087
ari: 0.02397454580952214
