mozart_all, byrd_all
acc: 0.5010526315789474
vms: 0.01608735444104145
nmi: 0.016087354441041455
ari: -0.014035927072824299
