mozart_all, dvorak_all
acc: 0.5318181818181819
vms: 0.0021249301561234004
nmi: 0.002124930156123401
ari: -0.0067793485160843004
