scarlatti_all, byrd_all
acc: 0.517503805175038
vms: 0.00020048847823436744
nmi: 0.00020048847823436747
ari: -0.00015601396957512379
