scarlatti_all, buxtehude_all
acc: 0.5119617224880383
vms: 0.00020124097293597022
nmi: 0.0002012409729359702
ari: -0.0011784230996607175
