scarlatti_all, handel_all
acc: 0.5113230035756854
vms: 0.0002384610835886775
nmi: 0.00023846108358867746
ari: -0.0005896317141786001
