scarlatti_all, scriabin_all
acc: 0.5023400936037441
vms: 3.121490785362771e-06
nmi: 3.1214907853627707e-06
ari: -0.0007163659860204171
