scarlatti_all, schumann_all
acc: 0.5257234726688103
vms: 0.003803856304628178
nmi: 0.0038038563046281777
ari: 0.0018702080816239077
