scarlatti_all, soler_all
acc: 0.5048387096774194
vms: 0.0010252758184519965
nmi: 0.0010252758184519965
ari: -0.0006171244901265312
