scarlatti_all, mozart_all
acc: 0.5269396551724138
vms: 0.0004947800155355606
nmi: 0.0004947800155355606
ari: 0.0010638674096131913
