scarlatti_all, brahms_all
acc: 0.5089020771513353
vms: 0.0022582917711709643
nmi: 0.0022582917711709643
ari: -0.000993333594990063
