scarlatti_all, dandrieu_all
acc: 0.5064724919093851
vms: 0.00028090812409814876
nmi: 0.00028090812409814876
ari: -0.0009642055354607652
