scarlatti_all, alkan_all
acc: 0.506578947368421
vms: 0.0001721973573546865
nmi: 0.0001721973573546865
ari: -0.0008658655127273389
