scarlatti_all, debussy_all
acc: 0.5354223433242506
vms: 0.011064201397614423
nmi: 0.011064201397614423
ari: 0.003162702851285129
