scarlatti_all, faure_all
acc: 0.5055821371610846
vms: 0.0003485139210082055
nmi: 0.0003485139210082055
ari: -0.0010704540388645706
