scarlatti_all, schubert_all
acc: 0.5208613728129206
vms: 0.00011593695350597716
nmi: 0.00011593695350597716
ari: -0.00025080542976494666
