scarlatti_all, bach_all
acc: 0.5290322580645161
vms: 0.0007467694545238056
nmi: 0.0007467694545238056
ari: -0.00467693572029384
