scarlatti_all, shostakovich_all
acc: 0.503793626707132
vms: 5.829399195931711e-05
nmi: 5.829399195931711e-05
ari: -0.0009332653529776132
