scarlatti_all, dvorak_all
acc: 0.5176848874598071
vms: 6.297520220888028e-05
nmi: 6.297520220888028e-05
ari: -0.0009978883783741408
