scarlatti_all, haydn_all
acc: 0.5034756703078451
vms: 8.408723036619716e-05
nmi: 8.408723036619717e-05
ari: -0.0009490568318000158
