scarlatti_all, beethoven_all
acc: 0.9990375360923965
vms: 0.9898991448180224
nmi: 0.9898991448180224
ari: 0.9961500950660968
