scarlatti_all, chopin_all
acc: 0.5035260930888575
vms: 0.00010784537533816361
nmi: 0.00010784537533816361
ari: -0.0009174752108490914
