schubert_all, haydn_all
acc: 0.5234375
vms: 0.0008432084255579829
nmi: 0.0008432084255579829
ari: 0.0006209040032210286
