schumann_all, shostakovich_all
acc: 0.5380116959064327
vms: 0.00211342644625785
nmi: 0.0021134264462578504
ari: -0.0003382426495194697
