schumann_all, scriabin_all
acc: 0.5032679738562091
vms: 0.00021731730100631213
nmi: 0.00021731730100631218
ari: -0.0065421413422034275
