schumann_all, soler_all
acc: 0.5681818181818182
vms: 0.014682002820285424
nmi: 0.014682002820285422
ari: 0.011291319477156989
