schubert_all, alkan_all
acc: 0.5216284987277354
vms: 0.0009982016255116616
nmi: 0.0009982016255116616
ari: -0.0006604861385402852
