schumann_all, bach_all
acc: 0.6506591337099812
vms: 0.0002469541345736642
nmi: 0.0002469541345736642
ari: 0.004190767318165962
