schubert_all, debussy_all
acc: 0.5068119891008175
vms: 0.00015190077152008795
nmi: 0.00015190077152008795
ari: -0.002549267124410663
