schubert_all, brahms_all
acc: 0.501628664495114
vms: 0.0005069182837961701
nmi: 0.0005069182837961701
ari: -0.0038724036161965434
