schubert_all, scarlatti_all
acc: 0.5006729475100942
vms: 5.5973797576389415e-05
nmi: 5.597379757638941e-05
ari: -0.0010926560850486361
