schubert_all, soler_all
acc: 0.5375494071146245
vms: 0.0007681519208932597
nmi: 0.0007681519208932597
ari: 0.00033300768850223544
