schumann_all, beethoven_all
acc: 0.911070780399274
vms: 0.28458599534524276
nmi: 0.28458599534524276
ari: 0.35124258715267703
