schubert_all, dandrieu_all
acc: 0.5258964143426295
vms: 0.0009523002940228017
nmi: 0.0009523002940228017
ari: -0.0007987894854644163
