schumann_all, handel_all
acc: 0.5384615384615384
vms: 0.00019212635450606633
nmi: 0.0001921263545060663
ari: -7.590685762968424e-05
