schumann_all, faure_all
acc: 0.5467625899280576
vms: 0.007089331625479514
nmi: 0.007089331625479513
ari: 0.0016103651948229602
