schubert_all, shostakovich_all
acc: 0.5376712328767124
vms: 0.011495871851211639
nmi: 0.011495871851211639
ari: 0.0008817982543827753
