schumann_all, chopin_all
acc: 0.5203619909502263
vms: 0.00937567274233924
nmi: 0.009375672742339239
ari: -0.005592668806563845
