schumann_all, dvorak_all
acc: 0.5671641791044776
vms: 0.013200921392819994
nmi: 0.013200921392819994
ari: 0.010665154644742289
