schubert_all, schumann_all
acc: 0.5098039215686274
vms: 0.0002544402297601633
nmi: 0.00025444022976016324
ari: -0.003915944872233522
