schubert_all, buxtehude_all
acc: 0.5115384615384615
vms: 0.00668056858858863
nmi: 0.00668056858858863
ari: -0.005949293962125914
