schubert_all, faure_all
acc: 0.7192307692307692
vms: 0.004063120866339272
nmi: 0.004063120866339272
ari: -0.0047285874590520475
