schumann_all, mozart_all
acc: 0.5022727272727273
vms: 0.0009590968919887667
nmi: 0.0009590968919887668
ari: -0.001516717027256137
