schubert_all, scriabin_all
acc: 0.5218978102189781
vms: 0.00010127848287829344
nmi: 0.00010127848287829344
ari: -0.004148517832729772
