schubert_all, mozart_all
acc: 0.5204991087344029
vms: 0.003349947957993913
nmi: 0.003349947957993913
ari: -0.0003775604983410556
