schumann_all, debussy_all
acc: 0.524390243902439
vms: 0.00200607702065695
nmi: 0.00200607702065695
ari: -0.0008723610167662544
