schubert_all, handel_all
acc: 0.5360169491525424
vms: 0.0013786385919922594
nmi: 0.0013786385919922596
ari: 0.002295139916774298
