schumann_all, schubert_all
acc: 0.5058823529411764
vms: 0.0007675567271873584
nmi: 0.0007675567271873584
ari: -0.004438716190541618
