schumann_all, haydn_all
acc: 0.5722543352601156
vms: 0.001129143306243708
nmi: 0.001129143306243708
ari: 0.005361409988336187
