schumann_all, brahms_all
acc: 0.5161290322580645
vms: 0.0008384224732173271
nmi: 0.0008384224732173271
ari: -0.003962082593217022
