schubert_all, dvorak_all
acc: 0.5019607843137255
vms: 0.0008078782377427892
nmi: 0.000807878237742789
ari: -0.0036255885777878674
