schumann_all, alkan_all
acc: 0.5882352941176471
vms: 0.00646074196664123
nmi: 0.006460741966641229
ari: 0.018601942218569974
