schumann_all, buxtehude_all
acc: 0.6474820143884892
vms: 0.0647119971482605
nmi: 0.0647119971482605
ari: 0.08062200760372368
