schubert_all, bach_all
acc: 0.6001690617075233
vms: 0.0035956960333231106
nmi: 0.00359569603332311
ari: 0.016038254598319448
