schumann_all, byrd_all
acc: 0.5562130177514792
vms: 0.00867355990196777
nmi: 0.008673559901967769
ari: 0.0069497975714286585
