schubert_all, chopin_all
acc: 0.5058479532163743
vms: 2.5415152384794744e-05
nmi: 2.5415152384794744e-05
ari: -0.002798836946104814
