schumann_all, scarlatti_all
acc: 0.5080385852090032
vms: 0.006761143241296687
nmi: 0.006761143241296687
ari: -0.001609731582810727
