schumann_all, dandrieu_all
acc: 0.5384615384615384
vms: 0.004278077926585982
nmi: 0.0042780779265859815
ari: -0.0018417023542725427
