schubert_all, byrd_all
acc: 0.5586206896551724
vms: 0.020723586490723155
nmi: 0.020723586490723155
ari: 0.009176155765755955
