scriabin_all, byrd_all
acc: 0.5851063829787234
vms: 0.017086984529717613
nmi: 0.017086984529717616
ari: 0.02351131406593142
