scriabin_all, beethoven_all
acc: 0.9754385964912281
vms: 0.7772821637956506
nmi: 0.7772821637956506
ari: 0.8682312576182012
