scriabin_all, scriabin_all
acc: 0.5
vms: -3.267756103833343e-16
nmi: -3.2677561038333434e-16
ari: -0.0055624463314569725
