scriabin_all, chopin_all
acc: 0.5291666666666667
vms: 0.001418001004394709
nmi: 0.001418001004394709
ari: -0.0007084155629763524
