scriabin_all, haydn_all
acc: 0.7304832713754646
vms: 0.011997173602599763
nmi: 0.011997173602599762
ari: 0.06658699891675925
