scriabin_all, shostakovich_all
acc: 0.5157894736842106
vms: 0.0005976093428310108
nmi: 0.0005976093428310107
ari: -0.004272427901476411
