scriabin_all, bach_all
acc: 0.5716928769657724
vms: 3.924445620083791e-06
nmi: 3.924445620083791e-06
ari: 3.261289646756687e-05
