scriabin_all, debussy_all
acc: 0.5094339622641509
vms: 0.002618926761799291
nmi: 0.002618926761799291
ari: -0.004228714383225979
