scriabin_all, schubert_all
acc: 0.5072992700729927
vms: 0.004354744427120717
nmi: 0.004354744427120717
ari: -0.005863819843654202
