scriabin_all, handel_all
acc: 0.572972972972973
vms: 0.0005673163101212044
nmi: 0.0005673163101212044
ari: 0.0040700866532082085
