scriabin_all, dandrieu_all
acc: 0.5167785234899329
vms: 7.289233401547497e-05
nmi: 7.289233401547497e-05
ari: -0.005921772882592986
