scriabin_all, buxtehude_all
acc: 0.5632911392405063
vms: 0.015528664366875215
nmi: 0.015528664366875215
ari: 0.009717421474317355
