scriabin_all, brahms_all
acc: 0.5317073170731708
vms: 0.002648577288875917
nmi: 0.0026485772888759167
ari: -0.0007697798429649078
