scriabin_all, schumann_all
acc: 0.5620915032679739
vms: 0.009614727185590689
nmi: 0.00961472718559069
ari: 0.008937830072833877
