scriabin_all, soler_all
acc: 0.609271523178808
vms: 0.042023800032629996
nmi: 0.04202380003263
ari: 0.04133801996512625
