scriabin_all, alkan_all
acc: 0.570446735395189
vms: 0.00191838825991393
nmi: 0.0019183882599139303
ari: 0.007833677060292168
