scriabin_all, dvorak_all
acc: 0.5555555555555556
vms: 0.008721467809634155
nmi: 0.008721467809634155
ari: 0.005903006667639277
