scriabin_(c)contributors-kunstderf, mozart_
acc: 0.5866050808314087
vms: 0.016345349294305936
nmi: 0.016345349294305936
ari: 0.02470625593399426
