scriabin_all, faure_all
acc: 0.5253164556962026
vms: 0.001558247703398729
nmi: 0.0015582477033987293
ari: -0.0037835788823036465
