scriabin_all, scarlatti_all
acc: 0.5569422776911076
vms: 0.003148480259366029
nmi: 0.003148480259366028
ari: 0.006788589989851102
