shostakovich_all, schumann_all
acc: 0.5730994152046783
vms: 0.012593311362136254
nmi: 0.012593311362136256
ari: 0.015542112150580724
