shostakovich_all, scarlatti_all
acc: 0.5053110773899848
vms: 1.0701009852080097e-06
nmi: 1.0701009852080097e-06
ari: -0.0008261752326759001
