shostakovich_all, dvorak_all
acc: 0.5497076023391813
vms: 0.0024735104482610055
nmi: 0.0024735104482610055
ari: 0.0025688105333803216
