shostakovich_all, buxtehude_all
acc: 0.5
vms: 0.0013899245551581923
nmi: 0.0013899245551581925
ari: -0.006996120951939419
