shostakovich_all, beethoven_all
acc: 0.8503401360544217
vms: 0.16558703604953134
nmi: 0.16558703604953134
ari: 0.18743109234106567
