shostakovich_all, debussy_all
acc: 0.558303886925795
vms: 0.012146266126269383
nmi: 0.012146266126269385
ari: 0.01029373855754067
