shostakovich_all, alkan_all
acc: 0.511326860841424
vms: 0.0021010130239442963
nmi: 0.0021010130239442963
ari: -0.0073303719564989265
