shostakovich_all, dandrieu_all
acc: 0.5269461077844312
vms: 0.0003245560677079508
nmi: 0.0003245560677079508
ari: -0.0038181094811954937
