shostakovich_(c)contributors-kunstderf, mozart_
acc: 0.5200892857142857
vms: 0.0005611825829768704
nmi: 0.0005611825829768704
ari: -0.003755108818756882
