shostakovich_all, scriabin_all
acc: 0.5578947368421052
vms: 0.00817597583734179
nmi: 0.008175975837341792
ari: 0.00815683298920938
