shostakovich_all, byrd_all
acc: 0.5097087378640777
vms: 0.000310371748233531
nmi: 0.000310371748233531
ari: -0.004457075061648564
