shostakovich_all, haydn_all
acc: 0.6187050359712231
vms: 0.004350760768908079
nmi: 0.00435076076890808
ari: 0.022052937596567044
