shostakovich_all, faure_all
acc: 0.5909090909090909
vms: 0.01909469544379597
nmi: 0.019094695443795974
ari: 0.02718462327565266
