shostakovich_all, handel_all
acc: 0.5360824742268041
vms: 0.0002039414027667028
nmi: 0.00020394140276670282
ari: -0.004200711726762493
