shostakovich_all, brahms_all
acc: 0.5112107623318386
vms: 0.0008854936167244326
nmi: 0.0008854936167244325
ari: -0.004000578674726543
