shostakovich_all, bach_all
acc: 0.5987261146496815
vms: 0.000588787019850102
nmi: 0.000588787019850102
ari: 0.00512428693663048
