shostakovich_all, chopin_all
acc: 0.5038759689922481
vms: 0.0008714278653608904
nmi: 0.0008714278653608904
ari: -0.005193217833743203
