shostakovich_all, soler_all
acc: 0.5443786982248521
vms: 0.0023844336005992353
nmi: 0.0023844336005992357
ari: 0.0012085078955848996
