shostakovich_all, schubert_all
acc: 0.5034246575342466
vms: 0.0026727835618558134
nmi: 0.002672783561855813
ari: -0.005469142976030455
