soler_all, chopin_all
acc: 0.5251141552511416
vms: 0.00011811346257029756
nmi: 0.00011811346257029756
ari: -0.0028049664734904945
