soler_all, dandrieu_all
acc: 0.59375
vms: 0.0258257934369471
nmi: 0.025825793436947103
ari: 0.027721473431421305
