soler_all, debussy_all
acc: 0.5368852459016393
vms: 0.0018785400859645518
nmi: 0.0018785400859645523
ari: 0.0013057835114108401
