soler_all, bach_all
acc: 0.6273584905660378
vms: 0.00021746263900471955
nmi: 0.0002174626390047195
ari: 0.003222727270814377
