soler_all, soler_all
acc: 0.5
vms: -1.0166963245951168e-15
nmi: -1.0166963245951168e-15
ari: -0.006649120376783493
