soler_all, scriabin_all
acc: 0.6357615894039735
vms: 0.05749887337667742
nmi: 0.05749887337667741
ari: 0.067616077868933
