soler_all, faure_all
acc: 0.5985401459854015
vms: 0.03218046211096746
nmi: 0.032180462110967464
ari: 0.03186949516846763
