soler_all, byrd_all
acc: 0.6467065868263473
vms: 0.04852445537685275
nmi: 0.04852445537685275
ari: 0.07863459777925401
