soler_all, alkan_all
acc: 0.5370370370370371
vms: 0.004304935703036129
nmi: 0.004304935703036128
ari: 0.0026450893777963747
