soler_all, handel_all
acc: 0.5673352435530086
vms: 0.0009122448663029992
nmi: 0.0009122448663029992
ari: 0.004479292252334663
