soler_all, scarlatti_all
acc: 0.5064516129032258
vms: 0.00027767566658013355
nmi: 0.0002776756665801335
ari: -0.00044672008056801505
