soler_all, beethoven_all
acc: 0.9963570127504554
vms: 0.9445669744841197
nmi: 0.9445669744841197
ari: 0.9777963331874437
