soler_all, schumann_all
acc: 0.5378787878787878
vms: 0.004347084917349109
nmi: 0.004347084917349109
ari: -0.0018454203604638304
