soler_all, brahms_all
acc: 0.5271739130434783
vms: 0.0006838279652662459
nmi: 0.000683827965266246
ari: -0.002668607657003636
