soler_all, haydn_all
acc: 0.7369439071566731
vms: 0.006846783052325011
nmi: 0.006846783052325011
ari: -0.04608261395172545
