soler_all, buxtehude_all
acc: 0.6131386861313869
vms: 0.04099706628985195
nmi: 0.04099706628985195
ari: 0.04427925713271272
