soler_all, shostakovich_all
acc: 0.5621301775147929
vms: 0.008453617886986684
nmi: 0.008453617886986686
ari: 0.009487131316926503
