soler_all, schubert_all
acc: 0.5177865612648221
vms: 0.0002807311721475327
nmi: 0.0002807311721475327
ari: -0.004447544402576078
