soler_all, mozart_all
acc: 0.6118721461187214
vms: 0.00011675719783793953
nmi: 0.00011675719783793952
ari: -0.004672621858217879
