soler_all, dvorak_all
acc: 0.5833333333333334
vms: 0.022320513826114444
nmi: 0.02232051382611444
ari: 0.02062958095963064
