bach_, beethoven_, schubert_, debussy_
acc: 0.35884636716583473
vms: 0.022377003954732157
nmi: 0.022377003954732154
ari: 0.010936969960793205
