buxtehude_(c)contributors-kunstderf, haydn_, brahms_, alkan_(c)contributors-kunstderf
acc: 0.40405244338498214
vms: 0.13697677158203206
nmi: 0.13697677158203203
ari: 0.11252780521712141
