buxtehude_all, haydn_all, brahms_all, alkan_all
acc: 0.33254716981132076
vms: 0.015806194879183166
nmi: 0.01580619487918317
ari: 0.0028097658280314694
