byrd_all, handel_all, chopin_all, scriabin_all
acc: 0.36741214057507987
vms: 0.03650732020012854
nmi: 0.03650732020012855
ari: 0.008045409719044449
