alkan_all, mozart_all
acc: 0.5588235294117647
vms: 0.003295333644917939
nmi: 0.0032953336449179386
ari: -0.015201706426458315
