alkan_all, buxtehude_all
acc: 0.7436823104693141
vms: 0.020561915040743475
nmi: 0.020561915040743475
ari: 0.05188499908823216
