alkan_all, dvorak_all
acc: 0.6433823529411765
vms: 3.326274713066004e-05
nmi: 3.326274713066004e-05
ari: -0.00468015451893043
