alkan_all, brahms_all
acc: 0.6018518518518519
vms: 0.00563484053167752
nmi: 0.00563484053167752
ari: 0.02174256648654426
