alkan_all, debussy_all
acc: 0.5572916666666666
vms: 0.007191112054130565
nmi: 0.007191112054130564
ari: 0.009850689926820026
