alkan_all, chopin_all
acc: 0.5710306406685237
vms: 0.005494993232793405
nmi: 0.005494993232793406
ari: 0.01320100630627813
