alkan_all, schumann_all
acc: 0.6544117647058824
vms: 0.0031452089393698953
nmi: 0.0031452089393698953
ari: 0.025029332933062882
