alkan_all, bach_all
acc: 0.7858333333333334
vms: 0.007582288240089029
nmi: 0.00758228824008903
ari: -0.03751731456263839
