alkan_all, handel_all
acc: 0.5664621676891616
vms: 0.0074927483254458764
nmi: 0.0074927483254458764
ari: -0.006465842976841587
