alkan_all, faure_all
acc: 0.6389891696750902
vms: 0.0002739191285465039
nmi: 0.00027391912854650386
ari: 0.0053898563378241655
