alkan_all, byrd_all
acc: 0.5928338762214984
vms: 0.00912625960027284
nmi: 0.009126259600272838
ari: -0.02913286773188646
