alkan_all, scriabin_all
acc: 0.6357388316151202
vms: 0.007440698812449188
nmi: 0.007440698812449187
ari: 0.034730813100436
