bach_all, buxtehude_all
acc: 0.887535145267104
vms: 0.00028452055850480736
nmi: 0.0002845205585048073
ari: -0.009590585944053218
