bach_all, mozart_all
acc: 0.6907894736842105
vms: 0.008776386334777368
nmi: 0.00877638633477737
ari: -0.027992631232118263
