bach_all, debussy_all
acc: 0.8100511073253833
vms: 0.002463338524706557
nmi: 0.0024633385247065575
ari: -0.023040820014984587
