bach_all, byrd_all
acc: 0.8623518687329079
vms: 0.018153625450973675
nmi: 0.018153625450973675
ari: -0.05419048898689308
