bach_all, dandrieu_all
acc: 0.8941398865784499
vms: 0.01410096386496234
nmi: 0.01410096386496234
ari: -0.04860787706963876
