bach_all, haydn_all
acc: 0.6558396682791984
vms: 0.01899724372596912
nmi: 0.018997243725969122
ari: -0.02759236871371069
