bach_all, chopin_all
acc: 0.8259355961705831
vms: 0.0030310983215746084
nmi: 0.003031098321574609
ari: -0.026588327172084793
