bach_all, faure_all
acc: 0.8865979381443299
vms: 0.015169207452864878
nmi: 0.015169207452864878
ari: -0.05058224127446695
