bach_all, brahms_all
acc: 0.8491921005385996
vms: 0.019562380088451212
nmi: 0.01956238008845121
ari: -0.05490683522307286
