bach_all, beethoven_all
acc: 0.6267748478701826
vms: 0.04582570059598099
nmi: 0.045825700595981
ari: -0.03798880473305404
