bach_all, scarlatti_all
acc: 0.6116129032258064
vms: 0.010842812446715713
nmi: 0.010842812446715712
ari: -0.018374383900442864
