beethoven_all, mozart_all
acc: 0.9649941656942824
vms: 0.8120524339770523
nmi: 0.8120524339770523
ari: 0.8646385984411917
