beethoven_all, soler_all
acc: 0.9908925318761385
vms: 0.8830222023511991
nmi: 0.8830222023511991
ari: 0.9439495396329886
