beethoven_all, debussy_all
acc: 0.9849170437405732
vms: 0.8853793816790877
nmi: 0.8853793816790878
ari: 0.9373347790205336
