beethoven_all, alkan_all
acc: 0.9492017416545718
vms: 0.7241819474791047
nmi: 0.7241819474791046
ari: 0.798468120400495
