beethoven_all, byrd_all
acc: 0.9744027303754266
vms: 0.7873758649658836
nmi: 0.7873758649658835
ari: 0.8736230034317873
