beethoven_all, dandrieu_all
acc: 0.9890310786106032
vms: 0.8620018077983147
nmi: 0.8620018077983148
ari: 0.9309595382494432
