beethoven_all, dvorak_all
acc: 0.9945553539019963
vms: 0.9240739635362842
nmi: 0.9240739635362841
ari: 0.9672871087052927
