beethoven_all, scarlatti_all
acc: 0.9393647738209817
vms: 0.7272872682561093
nmi: 0.7272872682561095
ari: 0.771944565903339
