beethoven_all, haydn_all
acc: 0.9326923076923077
vms: 0.7055826719015349
nmi: 0.7055826719015349
ari: 0.7486212722779265
