beethoven_all, buxtehude_all
acc: 0.8830935251798561
vms: 0.11605893802437019
nmi: 0.1160589380243702
ari: 0.13638295148516227
