beethoven_all, scriabin_all
acc: 0.9491228070175438
vms: 0.6102869348394603
nmi: 0.6102869348394602
ari: 0.7191070829301646
