beethoven_all, bach_all
acc: 0.6315077755240027
vms: 0.041728440655596
nmi: 0.041728440655596
ari: -0.03492098945169951
