brahms_all, chopin_all
acc: 0.5531135531135531
vms: 0.002747742617158817
nmi: 0.0027477426171588176
ari: 0.005580700078893916
