brahms_all, dvorak_all
acc: 0.5591397849462365
vms: 0.002359280589766416
nmi: 0.0023592805897664163
ari: 0.004957166651294709
