brahms_all, schumann_all
acc: 0.543010752688172
vms: 0.00010529300668627913
nmi: 0.00010529300668627912
ari: -0.0029009419288724787
