brahms_all, scarlatti_all
acc: 0.8100890207715133
vms: 0.009732462774288726
nmi: 0.009732462774288728
ari: -0.019603275930957252
