brahms_all, debussy_all
acc: 0.5704697986577181
vms: 0.0014747575892566738
nmi: 0.0014747575892566738
ari: 0.006496868605572212
