brahms_all, dandrieu_all
acc: 0.5659340659340659
vms: 0.003277559653696198
nmi: 0.0032775596536961985
ari: 0.007687092624127791
