brahms_all, haydn_all
acc: 0.6725043782837128
vms: 0.0012191148531558388
nmi: 0.0012191148531558388
ari: -0.01862779053670879
