brahms_all, soler_all
acc: 0.5054347826086957
vms: 0.01907167983352196
nmi: 0.01907167983352196
ari: -0.01907715996005606
