brahms_all, shostakovich_all
acc: 0.5067264573991032
vms: 0.0019391520971834514
nmi: 0.0019391520971834516
ari: -0.00434221621226851
