brahms_all, byrd_all
acc: 0.579185520361991
vms: 0.040284017597791
nmi: 0.040284017597791
ari: 0.020345473890566065
