brahms_all, faure_all
acc: 0.5497382198952879
vms: 0.00030729760974555705
nmi: 0.0003072976097455571
ari: -0.0011110207381903377
