brahms_all, scriabin_all
acc: 0.526829268292683
vms: 3.899213314389099e-06
nmi: 3.899213314389098e-06
ari: -0.0044639098686831725
