brahms_all, beethoven_all
acc: 0.9867330016583747
vms: 0.8804864072461002
nmi: 0.8804864072461003
ari: 0.9386187861723928
