brahms_all, buxtehude_all
acc: 0.6073298429319371
vms: 0.000518055529474856
nmi: 0.000518055529474856
ari: 0.0037202798781013294
