brahms_all, alkan_all
acc: 0.595679012345679
vms: 0.004173423415869354
nmi: 0.004173423415869354
ari: 0.0176012324478173
