brahms_all, handel_all
acc: 0.6898263027295285
vms: 0.00042133413583377434
nmi: 0.0004213341358337744
ari: -0.005124956534575349
