buxtehude_all, chopin_all
acc: 0.6283185840707964
vms: 0.0007154456142146621
nmi: 0.000715445614214662
ari: -0.011151273170903793
