buxtehude_all, soler_all
acc: 0.5255474452554745
vms: 0.07634645329476347
nmi: 0.07634645329476349
ari: -0.0009192163978654186
