buxtehude_all, shostakovich_all
acc: 0.5852272727272727
vms: 0.0013057539777091007
nmi: 0.0013057539777091005
ari: 0.0046979881924539175
