buxtehude_all, brahms_all
acc: 0.6335078534031413
vms: 0.013047483618041894
nmi: 0.013047483618041894
ari: 0.02502981405777141
