buxtehude_all, schumann_all
acc: 0.5251798561151079
vms: 0.06732706864780474
nmi: 0.06732706864780474
ari: 0.00026091754966489823
