buxtehude_all, alkan_all
acc: 0.7184115523465704
vms: 0.0037185522645642594
nmi: 0.003718552264564259
ari: 0.025651126518684418
