buxtehude_all, mozart_all
acc: 0.7932584269662921
vms: 0.001565731898432869
nmi: 0.001565731898432869
ari: 0.022759555572842156
