buxtehude_all, faure_all
acc: 0.5277777777777778
vms: 0.012966129923061379
nmi: 0.012966129923061377
ari: 0.0012811295562535315
