buxtehude_all, bach_all
acc: 0.8837863167760075
vms: 0.0003438162961530168
nmi: 0.00034381629615301687
ari: 0.01116037397158286
