buxtehude_all, haydn_all
acc: 0.7156488549618321
vms: 0.008499870264812488
nmi: 0.008499870264812486
ari: -0.049682371444457085
