byrd_all, debussy_all
acc: 0.5693950177935944
vms: 0.02478993718598475
nmi: 0.02478993718598475
ari: -0.03251693904302302
