byrd_all, scriabin_all
acc: 0.6063829787234043
vms: 0.03568249775416859
nmi: 0.03568249775416859
ari: 0.039462660848928265
