byrd_all, dvorak_all
acc: 0.5976331360946746
vms: 0.008474957711593213
nmi: 0.008474957711593213
ari: -0.004057086406424796
