byrd_all, faure_all
acc: 0.5804597701149425
vms: 0.008635656455193473
nmi: 0.008635656455193473
ari: -0.00337874301374494
