byrd_all, dandrieu_all
acc: 0.6121212121212121
vms: 0.00833806979835552
nmi: 0.008338069798355522
ari: -0.004628661531244909
