byrd_all, buxtehude_all
acc: 0.6149425287356322
vms: 0.04176284534726366
nmi: 0.04176284534726367
ari: 0.027562207700868292
