byrd_all, alkan_all
acc: 0.5863192182410424
vms: 0.011412209184509834
nmi: 0.011412209184509834
ari: -0.031825962125714057
