byrd_all, chopin_all
acc: 0.5078125
vms: 0.029755387967420308
nmi: 0.02975538796742031
ari: -0.021706586826347306
