byrd_all, beethoven_all
acc: 0.9658703071672355
vms: 0.7350724966561374
nmi: 0.7350724966561375
ari: 0.8307655436099042
