byrd_all, brahms_all
acc: 0.5701357466063348
vms: 0.03643030043065207
nmi: 0.036430300430652075
ari: 0.014864484083682631
