chopin_all, handel_all
acc: 0.6415525114155252
vms: 0.0007718882442653041
nmi: 0.000771888244265304
ari: 0.005288260999139682
