chopin_all, byrd_all
acc: 0.51171875
vms: 0.0351134468637588
nmi: 0.0351134468637588
ari: -0.023561446893959816
