chopin_all, beethoven_all
acc: 0.9670846394984326
vms: 0.7810999308863366
nmi: 0.7810999308863366
ari: 0.85981521153593
