chopin_all, mozart_all
acc: 0.6166982922201139
vms: 7.537335972055414e-05
nmi: 7.537335972055414e-05
ari: 0.002269911927023996
