chopin_all, scriabin_all
acc: 0.5833333333333334
vms: 0.0013278847796321406
nmi: 0.0013278847796321404
ari: 0.007437318252656088
