chopin_all, schumann_all
acc: 0.5565610859728507
vms: 4.01219680030051e-05
nmi: 4.01219680030051e-05
ari: -0.005024037420416676
