chopin_all, scarlatti_all
acc: 0.7743300423131171
vms: 0.0008393952560060721
nmi: 0.000839395256006072
ari: 0.0082773558147566
