chopin_all, dandrieu_all
acc: 0.6036866359447005
vms: 0.0007039066972655295
nmi: 0.0007039066972655295
ari: 0.0064520901016745374
