chopin_all, alkan_all
acc: 0.5682451253481894
vms: 0.004341191403632387
nmi: 0.004341191403632387
ari: 0.011142072017653052
