chopin_all, buxtehude_all
acc: 0.6327433628318584
vms: 4.5805573877038514e-05
nmi: 4.5805573877038514e-05
ari: -0.0043111492894638845
