chopin_all, shostakovich_all
acc: 0.562015503875969
vms: 0.000615637295147531
nmi: 0.000615637295147531
ari: -0.006455201414257953
