chopin_all, haydn_all
acc: 0.6435643564356436
vms: 0.00019154421785121705
nmi: 0.00019154421785121705
ari: -0.007201348923843977
