chopin_all, brahms_all
acc: 0.5457875457875457
vms: 0.001352331037799307
nmi: 0.0013523310377993073
ari: 0.0025097698293273557
