chopin_all, bach_all
acc: 0.8215839860748477
vms: 0.004048436708234221
nmi: 0.004048436708234221
ari: -0.031241732082620818
