chopin_all, dvorak_all
acc: 0.6018099547511312
vms: 0.0008084693151428764
nmi: 0.0008084693151428764
ari: -0.012986801404483312
