chopin_all, debussy_all
acc: 0.5195195195195195
vms: 1.4434572600472315e-09
nmi: 1.4434572600472317e-09
ari: -0.002192012794186867
