dandrieu_all, handel_all
acc: 0.8126801152737753
vms: 0.004550016838092259
nmi: 0.00455001683809226
ari: -0.00876705486416143
