dandrieu_all, chopin_all
acc: 0.5990783410138248
vms: 0.0055367199465437
nmi: 0.0055367199465437
ari: 0.020407136909983994
