dandrieu_all, shostakovich_all
acc: 0.5748502994011976
vms: 0.005264332242625664
nmi: 0.005264332242625664
ari: -0.01754521331129205
