dandrieu_all, alkan_all
acc: 0.6791044776119403
vms: 0.010153306628628964
nmi: 0.010153306628628964
ari: 0.05173815469948425
