dandrieu_all, byrd_all
acc: 0.6727272727272727
vms: 0.05774353505886069
nmi: 0.0577435350588607
ari: 0.10165166458503809
