dandrieu_all, mozart_all
acc: 0.6674311926605505
vms: 0.002850336997778437
nmi: 0.0028503369977784365
ari: 0.023281076484624564
