dandrieu_all, soler_all
acc: 0.5625
vms: 0.012136019619964711
nmi: 0.01213601961996471
ari: 0.008635062187004217
