dandrieu_all, scriabin_all
acc: 0.5302013422818792
vms: 0.0008195837205795667
nmi: 0.0008195837205795666
ari: -0.0035384510961607918
