dandrieu_all, dvorak_all
acc: 0.5384615384615384
vms: 0.0037667767409422367
nmi: 0.003766776740942237
ari: -0.0013156395284168578
