dandrieu_all, schumann_all
acc: 0.5307692307692308
vms: 0.0024886268216549336
nmi: 0.002488626821654934
ari: -0.003908741084816431
