dandrieu_all, buxtehude_all
acc: 0.5037037037037037
vms: 0.019538499133114718
nmi: 0.01953849913311472
ari: -0.005159289948933899
