dandrieu_all, brahms_all
acc: 0.554945054945055
vms: 0.001821220381304757
nmi: 0.001821220381304757
ari: 0.0031933203121178055
