debussy_all, handel_all
acc: 0.6047516198704104
vms: 0.0001436090696368868
nmi: 0.00014360906963688683
ari: -0.001830378756207199
