debussy_all, dandrieu_all
acc: 0.7024793388429752
vms: 0.00035954725949905125
nmi: 0.0003595472594990512
ari: 0.007179304915163865
