debussy_all, scarlatti_all
acc: 0.7465940054495913
vms: 0.0005349048706108887
nmi: 0.0005349048706108887
ari: -0.004969641597230571
