debussy_all, buxtehude_all
acc: 0.6892430278884463
vms: 0.001856379172785287
nmi: 0.0018563791727852872
ari: 0.015931375796268993
