debussy_all, shostakovich_all
acc: 0.6007067137809188
vms: 9.111262575766587e-06
nmi: 9.111262575766587e-06
ari: -0.0006763570084299689
