debussy_all, haydn_all
acc: 0.6323296354992076
vms: 0.00022770635495399653
nmi: 0.00022770635495399647
ari: 0.00554321140066284
