debussy_all, brahms_all
acc: 0.5738255033557047
vms: 0.0017713936181447264
nmi: 0.0017713936181447266
ari: 0.007653833770638341
