debussy_all, mozart_all
acc: 0.592391304347826
vms: 1.7179220807897034e-06
nmi: 1.7179220807897034e-06
ari: -0.0016220119012850625
