debussy_all, alkan_all
acc: 0.5520833333333334
vms: 0.005292167982953516
nmi: 0.005292167982953517
ari: 0.007588927670467886
