debussy_all, scriabin_all
acc: 0.6
vms: 0.0018534908432248207
nmi: 0.0018534908432248209
ari: 0.01203422323983225
