debussy_all, dvorak_all
acc: 0.6219512195121951
vms: 0.003407289125058666
nmi: 0.003407289125058666
ari: -0.025865026437697673
