debussy_all, soler_all
acc: 0.7131147540983607
vms: 0.01891004019498043
nmi: 0.018910040194980427
ari: -0.024217095915300288
