debussy_all, byrd_all
acc: 0.5836298932384342
vms: 0.02757183431287891
nmi: 0.027571834312878907
ari: -0.030762637166892325
