debussy_all, chopin_all
acc: 0.5165165165165165
vms: 4.628378550171855e-05
nmi: 4.6283785501718544e-05
ari: -0.002643172364790841
