debussy_all, faure_all
acc: 0.6055776892430279
vms: 0.000719199498957276
nmi: 0.0007191994989572758
ari: -0.012559672383026039
