debussy_all, schumann_all
acc: 0.6097560975609756
vms: 3.2402283865416334e-05
nmi: 3.2402283865416334e-05
ari: -0.0004425569963890534
