dvorak_all, dandrieu_all
acc: 0.5230769230769231
vms: 0.0033716937238134036
nmi: 0.003371693723813404
ari: -0.004381402614794931
