dvorak_all, mozart_all
acc: 0.6909090909090909
vms: 0.0022265368137804865
nmi: 0.002226536813780487
ari: -0.02554666017936154
