dvorak_all, debussy_all
acc: 0.6138211382113821
vms: 0.004849957712708615
nmi: 0.004849957712708615
ari: -0.02962355400833014
