dvorak_all, handel_all
acc: 0.7834757834757835
vms: 0.018162875351678525
nmi: 0.018162875351678525
ari: -0.03470376516617116
