dvorak_all, chopin_all
acc: 0.6018099547511312
vms: 4.67358474341529e-05
nmi: 4.6735847434152886e-05
ari: -0.0005276146710917727
