dvorak_all, brahms_all
acc: 0.5645161290322581
vms: 0.0043956308480796085
nmi: 0.0043956308480796085
ari: 0.008681874569020677
