dvorak_all, haydn_all
acc: 0.7225433526011561
vms: 2.080021006371326e-05
nmi: 2.080021006371326e-05
ari: -0.003244540699717778
