dvorak_all, buxtehude_all
acc: 0.5035971223021583
vms: 0.0050477458323613215
nmi: 0.0050477458323613215
ari: -0.0029835843751478547
