dvorak_all, scriabin_all
acc: 0.5228758169934641
vms: 7.089344111323985e-05
nmi: 7.089344111323986e-05
ari: -0.005195649509477476
