dvorak_all, soler_all
acc: 0.5303030303030303
vms: 0.004371312042779507
nmi: 0.004371312042779506
ari: -0.0025453953778911903
