dvorak_all, scarlatti_all
acc: 0.8778135048231511
vms: 0.007963616936530882
nmi: 0.007963616936530882
ari: -0.022634715889621935
