dvorak_all, faure_all
acc: 0.5107913669064749
vms: 6.852384055010708e-05
nmi: 6.852384055010708e-05
ari: -0.0060721063113326765
