dvorak_all, shostakovich_all
acc: 0.5672514619883041
vms: 0.0030509131594816516
nmi: 0.0030509131594816516
ari: -0.012837983402587549
