dvorak_all, schumann_all
acc: 0.5074626865671642
vms: 0.00016797907219088257
nmi: 0.00016797907219088254
ari: -0.007106557874916543
