dvorak_all, byrd_all
acc: 0.6153846153846154
vms: 0.014548597406013785
nmi: 0.014548597406013787
ari: 0.03277922792921529
