faure_all, dvorak_all
acc: 0.5179856115107914
vms: 0.000455586997653651
nmi: 0.000455586997653651
ari: -0.00517633293506024
