faure_all, shostakovich_all
acc: 0.5852272727272727
vms: 0.006319322103949963
nmi: 0.006319322103949962
ari: 0.015888216794473296
