faure_all, byrd_all
acc: 0.632183908045977
vms: 0.03503953765959993
nmi: 0.03503953765959994
ari: 0.05614865397882375
