faure_all, brahms_all
acc: 0.5497382198952879
vms: 0.0004943287917402522
nmi: 0.0004943287917402522
ari: -0.0003586286173548387
