faure_all, haydn_all
acc: 0.7156488549618321
vms: 0.00021118648395038121
nmi: 0.00021118648395038121
ari: 0.00741063087615717
