faure_all, scriabin_all
acc: 0.5063291139240507
vms: 0.000350524381099831
nmi: 0.000350524381099831
ari: -0.006407429634838017
