faure_all, buxtehude_all
acc: 0.5416666666666666
vms: 0.06876466356516894
nmi: 0.06876466356516894
ari: 0.00583402207205019
