faure_all, schumann_all
acc: 0.5467625899280576
vms: 0.005905842506953728
nmi: 0.005905842506953728
ari: 0.0015905688256597193
