faure_all, mozart_all
acc: 0.6606741573033708
vms: 0.0007815564586485011
nmi: 0.0007815564586485011
ari: 0.011891558397375124
