faure_all, dandrieu_all
acc: 0.562962962962963
vms: 0.009116294140325677
nmi: 0.009116294140325677
ari: 0.008852196817537534
