faure_all, soler_all
acc: 0.5401459854014599
vms: 0.009393347072275189
nmi: 0.009393347072275189
ari: -0.0001265610112501577
