faure_all, handel_all
acc: 0.7921348314606742
vms: 0.0047320703050719
nmi: 0.0047320703050719
ari: -0.008223643496194796
