faure_all, beethoven_all
acc: 0.9856115107913669
vms: 0.8401192429007729
nmi: 0.8401192429007729
ari: 0.9158738517666872
