faure_all, alkan_all
acc: 0.6425992779783394
vms: 0.0004646493329838654
nmi: 0.00046464933298386545
ari: 0.007817411433531015
