faure_all, chopin_all
acc: 0.6017699115044248
vms: 0.0018650472459510944
nmi: 0.0018650472459510947
ari: 0.01189475481799166
