faure_all, scarlatti_all
acc: 0.8708133971291866
vms: 0.008174780961799064
nmi: 0.008174780961799064
ari: -0.022401784521767006
