handel_all, chopin_all
acc: 0.639269406392694
vms: 0.00011206866934452636
nmi: 0.00011206866934452638
ari: 0.0017309551759331764
