handel_all, brahms_all
acc: 0.6972704714640199
vms: 0.008043065885361442
nmi: 0.008043065885361442
ari: -0.008452085046564771
