handel_all, buxtehude_all
acc: 0.7893258426966292
vms: 0.013327799571267236
nmi: 0.013327799571267236
ari: 0.052920423957186234
