handel_all, bach_all
acc: 0.7404222048475372
vms: 0.00350776115594118
nmi: 0.0035077611559411804
ari: -0.023194405914139772
