handel_all, byrd_all
acc: 0.7150259067357513
vms: 0.00638836303935457
nmi: 0.00638836303935457
ari: -0.0189181762787591
