handel_all, mozart_all
acc: 0.5692541856925418
vms: 0.0012563842941946935
nmi: 0.0012563842941946933
ari: 0.0025761871044360195
