handel_all, dvorak_all
acc: 0.8005698005698005
vms: 0.006778402749067853
nmi: 0.006778402749067853
ari: -0.01260284370496417
