handel_all, soler_all
acc: 0.8051575931232091
vms: 0.006715171414805691
nmi: 0.006715171414805691
ari: -0.012777916689870673
