handel_all, dandrieu_all
acc: 0.8097982708933718
vms: 0.006650348616063814
nmi: 0.006650348616063815
ari: -0.012953690891475488
