handel_all, faure_all
acc: 0.7893258426966292
vms: 0.006930038886404778
nmi: 0.006930038886404777
ari: -0.012168852542349423
