handel_all, beethoven_all
acc: 0.9270833333333334
vms: 0.6702274784162425
nmi: 0.6702274784162425
ari: 0.7262590820977923
