handel_all, shostakovich_all
acc: 0.7164948453608248
vms: 7.466957634186861e-05
nmi: 7.466957634186861e-05
ari: -0.00269131258364346
