haydn_all, chopin_all
acc: 0.6435643564356436
vms: 0.00034517256070020944
nmi: 0.0003451725607002095
ari: -0.009338046893841885
