haydn_all, scriabin_all
acc: 0.7063197026022305
vms: 9.155223261183112e-05
nmi: 9.155223261183112e-05
ari: 0.004611981705188293
