haydn_all, debussy_all
acc: 0.6323296354992076
vms: 0.00013539232651068765
nmi: 0.00013539232651068765
ari: 0.004067431292549453
