haydn_all, handel_all
acc: 0.5421195652173914
vms: 0.010569417148376966
nmi: 0.010569417148376968
ari: -0.019082084460033556
