haydn_all, shostakovich_all
acc: 0.685251798561151
vms: 0.0010304034092491715
nmi: 0.0010304034092491715
ari: -0.017823654100734464
