haydn_all, buxtehude_all
acc: 0.7175572519083969
vms: 0.00582607943165017
nmi: 0.00582607943165017
ari: -0.04191374645512076
