haydn_all, byrd_all
acc: 0.6678700361010831
vms: 0.035258863075646026
nmi: 0.03525886307564602
ari: -0.08534881499619347
