haydn_all, alkan_all
acc: 0.5951293759512938
vms: 0.004559345349704198
nmi: 0.004559345349704199
ari: -0.023428983056523463
