haydn_all, dvorak_all
acc: 0.720616570327553
vms: 0.0003303749126013682
nmi: 0.0003303749126013682
ari: -0.010757213122894816
