haydn_all, haydn_all
acc: 0.5
vms: 2.5627412030519337e-15
nmi: 2.5627412030519373e-15
ari: 0.0
