haydn_all, dandrieu_all
acc: 0.7300970873786408
vms: 0.0008553516467662633
nmi: 0.0008553516467662633
ari: -0.016973139577566652
