haydn_all, scarlatti_all
acc: 0.5988083416087389
vms: 0.033026194986215035
nmi: 0.03302619498621503
ari: 0.032782450572067454
