mozart_all, scriabin_all
acc: 0.6601307189542484
vms: 0.0005471199663736094
nmi: 0.0005471199663736095
ari: 0.010221969634735617
