mozart_all, dandrieu_all
acc: 0.6674311926605505
vms: 0.0019163274899874781
nmi: 0.001916327489987478
ari: 0.01902034326960891
