mozart_all, alkan_all
acc: 0.5536332179930796
vms: 0.005548005455425047
nmi: 0.005548005455425046
ari: -0.01864495155436134
