mozart_all, dvorak_all
acc: 0.6886363636363636
vms: 0.0024471932098163217
nmi: 0.0024471932098163213
ari: -0.026531738416616216
