mozart_all, buxtehude_all
acc: 0.7865168539325843
vms: 0.0006620068983154651
nmi: 0.0006620068983154652
ari: 0.01464908887880194
