mozart_all, brahms_all
acc: 0.6402439024390244
vms: 4.4061573563838904e-05
nmi: 4.40615735638389e-05
ari: -0.004167766038716359
