mozart_all, faure_all
acc: 0.6584269662921348
vms: 0.0006619658224210613
nmi: 0.0006619658224210614
ari: 0.010720337823962717
