mozart_all, scarlatti_all
acc: 0.5959051724137931
vms: 0.0002691038695138257
nmi: 0.0002691038695138257
ari: 0.0015390737937245437
