mozart_all, byrd_all
acc: 0.6526315789473685
vms: 0.021386884601962617
nmi: 0.021386884601962617
ari: -0.06612091550762428
