mozart_all, schumann_all
acc: 0.6590909090909091
vms: 0.0007311385305248276
nmi: 0.0007311385305248276
ari: 0.011109295197192007
