mozart_all, haydn_all
acc: 0.5418181818181819
vms: 0.0011486338249834564
nmi: 0.0011486338249834566
ari: 0.0034239380132057504
