mozart_all, handel_all
acc: 0.5296803652968036
vms: 0.0036234290183210565
nmi: 0.0036234290183210565
ari: -0.007311860117041033
