mozart_all, shostakovich_all
acc: 0.6792452830188679
vms: 1.7099464909980277e-07
nmi: 1.7099464909980274e-07
ari: -0.000764343694121493
