mozart_all, debussy_all
acc: 0.5942028985507246
vms: 1.8961253235370133e-05
nmi: 1.8961253235370133e-05
ari: 0.00026308083921646814
