mozart_all, chopin_all
acc: 0.6110056925996205
vms: 1.8614392974175805e-05
nmi: 1.861439297417581e-05
ari: 0.0004638636314579262
