scarlatti_all, dandrieu_all
acc: 0.883495145631068
vms: 0.007785320090060013
nmi: 0.007785320090060013
ari: -0.022801433991720244
