scarlatti_all, handel_all
acc: 0.6591179976162098
vms: 0.0014197085814303908
nmi: 0.0014197085814303908
ari: 0.006208217849849425
