scarlatti_all, mozart_all
acc: 0.5948275862068966
vms: 4.085949317783587e-05
nmi: 4.085949317783587e-05
ari: 0.0005267499735807895
