scarlatti_all, scriabin_all
acc: 0.8517940717628705
vms: 0.00870876045332499
nmi: 0.008708760453324988
ari: -0.021648554110508287
