scarlatti_all, alkan_all
acc: 0.7197368421052631
vms: 0.003620113135033976
nmi: 0.003620113135033976
ari: -0.009996303594332064
