scarlatti_all, buxtehude_all
acc: 0.8787878787878788
vms: 0.025250048766853397
nmi: 0.0252500487668534
ari: 0.08477530737418358
