scarlatti_all, debussy_all
acc: 0.7493188010899182
vms: 0.0005868633645306056
nmi: 0.0005868633645306056
ari: 0.005846597698197001
