scarlatti_all, beethoven_all
acc: 0.9393647738209817
vms: 0.7272872682561091
nmi: 0.7272872682561092
ari: 0.771944565903339
