schumann_all, dandrieu_all
acc: 0.5230769230769231
vms: 0.0013711305808279829
nmi: 0.0013711305808279826
ari: -0.0055995406765462895
