schumann_all, byrd_all
acc: 0.650887573964497
vms: 0.04404843535860811
nmi: 0.04404843535860811
ari: 0.07031248675580325
