schumann_all, shostakovich_all
acc: 0.5847953216374269
vms: 0.003054712519144064
nmi: 0.003054712519144064
ari: 0.01062942657491426
