schumann_all, brahms_all
acc: 0.532258064516129
vms: 1.6655264865092893e-06
nmi: 1.6655264865092893e-06
ari: -0.004591763570871413
