schumann_all, haydn_all
acc: 0.720616570327553
vms: 0.0002464066078372954
nmi: 0.00024640660783729543
ari: 0.008074807230229686
