schumann_all, chopin_all
acc: 0.5520361990950227
vms: 6.416114666272577e-06
nmi: 6.416114666272577e-06
ari: -0.00310668525837487
