schumann_all, alkan_all
acc: 0.6580882352941176
vms: 0.0037294749063314274
nmi: 0.003729474906331428
ari: 0.02791948113509047
