schumann_all, beethoven_all
acc: 0.9981851179673321
vms: 0.9694960199599648
nmi: 0.9694960199599649
ari: 0.9891597896582112
