schumann_all, buxtehude_all
acc: 0.5035971223021583
vms: 0.0016472711820105326
nmi: 0.001647271182010533
ari: -0.003127190065958336
