schumann_all, scriabin_all
acc: 0.5032679738562091
vms: 0.00018200668720155775
nmi: 0.00018200668720155775
ari: -0.0067589664160860085
