schumann_all, mozart_all
acc: 0.6636363636363637
vms: 0.0009860606246747186
nmi: 0.0009860606246747186
ari: 0.013410157221975832
