schumann_all, dvorak_all
acc: 0.5223880597014925
vms: 0.0014917643033160802
nmi: 0.00149176430331608
ari: -0.005385996409335727
