schumann_all, faure_all
acc: 0.5467625899280576
vms: 0.006228587213916806
nmi: 0.006228587213916805
ari: 0.0015237502834201694
