schumann_all, soler_all
acc: 0.5606060606060606
vms: 0.012855446054957533
nmi: 0.012855446054957533
ari: 0.007728239608638515
