schumann_all, debussy_all
acc: 0.6016260162601627
vms: 2.2128798857261363e-05
nmi: 2.2128798857261363e-05
ari: -0.004421487443392821
