schumann_all, handel_all
acc: 0.8034188034188035
vms: 0.004633321974473974
nmi: 0.004633321974473974
ari: -0.00852344352502565
