schumann_all, bach_all
acc: 0.8907721280602636
vms: 0.014588070451826673
nmi: 0.014588070451826671
ari: -0.049551924949063304
