scriabin_all, soler_all
acc: 0.5298013245033113
vms: 0.015742609844802344
nmi: 0.015742609844802344
ari: -0.005711319607196259
