scriabin_all, handel_all
acc: 0.7621621621621621
vms: 0.004981967170462904
nmi: 0.004981967170462904
ari: -0.00741496375948397
