scriabin_all, buxtehude_all
acc: 0.5443037974683544
vms: 0.0007755404742737842
nmi: 0.0007755404742737841
ari: 0.0004985054207780582
