scriabin_all, bach_all
acc: 0.876040703052729
vms: 0.0069605891305892734
nmi: 0.0069605891305892734
ari: -0.04009084854395865
