scriabin_all, mozart_all
acc: 0.6688453159041394
vms: 0.0006507666610931223
nmi: 0.0006507666610931222
ari: 0.01179146755037863
