scriabin_all, byrd_all
acc: 0.6170212765957447
vms: 0.039159587351541854
nmi: 0.039159587351541854
ari: 0.049288350722746024
