scriabin_all, dandrieu_all
acc: 0.5302013422818792
vms: 0.001262813112057667
nmi: 0.001262813112057667
ari: -0.0032498211308400245
