scriabin_all, debussy_all
acc: 0.5962264150943396
vms: 0.001410542176965675
nmi: 0.001410542176965675
ari: 0.009820741371378014
