scriabin_all, brahms_all
acc: 0.5317073170731708
vms: 3.3324314499038074e-05
nmi: 3.3324314499038074e-05
ari: -0.0034597543929899208
