scriabin_all, dvorak_all
acc: 0.5098039215686274
vms: 0.00034736015974216536
nmi: 0.0003473601597421654
ari: -0.00706260541588792
