scriabin_all, alkan_all
acc: 0.6357388316151202
vms: 0.009371583599745256
nmi: 0.009371583599745256
ari: 0.038929421454975854
