scriabin_all, schumann_all
acc: 0.5163398692810458
vms: 0.00012725673686593276
nmi: 0.00012725673686593276
ari: -0.006615793866240037
