scriabin_all, faure_all
acc: 0.5126582278481012
vms: 2.1348132111601604e-06
nmi: 2.1348132111601604e-06
ari: -0.0058577234265416766
