shostakovich_all, dandrieu_all
acc: 0.5808383233532934
vms: 0.0020737154648692536
nmi: 0.002073715464869254
ari: -0.01259047784714802
