shostakovich_all, buxtehude_all
acc: 0.5795454545454546
vms: 0.0003382878548608742
nmi: 0.00033828785486087414
ari: 0.00138693395500232
