shostakovich_all, mozart_all
acc: 0.6666666666666666
vms: 3.4290659919211415e-06
nmi: 3.429065991921142e-06
ari: -0.0019862891908112063
