shostakovich_all, bach_all
acc: 0.8635122838944495
vms: 0.0017898099419026198
nmi: 0.0017898099419026198
ari: -0.022271288713850357
