shostakovich_all, alkan_all
acc: 0.6148867313915858
vms: 7.596972164938721e-06
nmi: 7.596972164938721e-06
ari: -0.0024480383716639193
