shostakovich_all, byrd_all
acc: 0.5388349514563107
vms: 0.02609215392893574
nmi: 0.02609215392893574
ari: 0.004496631851807507
