shostakovich_all, faure_all
acc: 0.5795454545454546
vms: 0.0014605693471048144
nmi: 0.0014605693471048144
ari: 0.005328954286164841
