shostakovich_all, debussy_all
acc: 0.568904593639576
vms: 0.0038730993933177673
nmi: 0.0038730993933177673
ari: -0.016671250698662928
