shostakovich_all, scriabin_all
acc: 0.5578947368421052
vms: 0.004404489395505795
nmi: 0.004404489395505795
ari: 0.006567845331738864
