shostakovich_all, chopin_all
acc: 0.5658914728682171
vms: 0.0002565046277747196
nmi: 0.0002565046277747196
ari: -0.0048226041065725905
