shostakovich_all, scarlatti_all
acc: 0.8376327769347496
vms: 0.017663038778176737
nmi: 0.017663038778176737
ari: 0.059833156017038557
