shostakovich_all, brahms_all
acc: 0.5022421524663677
vms: 0.0033262377156078674
nmi: 0.003326237715607868
ari: -0.004504327441178923
