shostakovich_all, soler_all
acc: 0.5562130177514792
vms: 0.01925098295153023
nmi: 0.019250982951530226
ari: -0.025220209406680953
