shostakovich_all, handel_all
acc: 0.7242268041237113
vms: 0.004426114901481944
nmi: 0.004426114901481944
ari: 0.021537024815166863
