shostakovich_all, beethoven_all
acc: 0.9710884353741497
vms: 0.7685547820166349
nmi: 0.768554782016635
ari: 0.8582854977683828
