shostakovich_all, haydn_all
acc: 0.6888489208633094
vms: 2.0932599828423346e-05
nmi: 2.0932599828423346e-05
ari: -0.0032883240109791148
