soler_all, alkan_all
acc: 0.6407407407407407
vms: 0.0018346077613076244
nmi: 0.0018346077613076242
ari: -0.021407038518776202
