soler_all, haydn_all
acc: 0.7195357833655706
vms: 0.009776351392494867
nmi: 0.009776351392494866
ari: -0.052376228281136264
