soler_all, faure_all
acc: 0.5328467153284672
vms: 0.006170916978758264
nmi: 0.006170916978758265
ari: -0.002430281864790876
