soler_all, byrd_all
acc: 0.6047904191616766
vms: 0.008407496269779173
nmi: 0.008407496269779173
ari: -0.0043395416144899335
