soler_all, scriabin_all
acc: 0.5298013245033113
vms: 0.011625596284467703
nmi: 0.011625596284467703
ari: -0.004850230826873094
