soler_all, buxtehude_all
acc: 0.5182481751824818
vms: 0.06671995986842151
nmi: 0.06671995986842151
ari: -0.0020769301539957058
