soler_all, scarlatti_all
acc: 0.8806451612903226
vms: 0.00787557590049737
nmi: 0.00787557590049737
ari: -0.0227205158677839
