soler_all, shostakovich_all
acc: 0.5562130177514792
vms: 0.014162901196648607
nmi: 0.014162901196648607
ari: -0.023306929871853472
