soler_all, chopin_all
acc: 0.54337899543379
vms: 0.005949770562302286
nmi: 0.0059497705623022855
ari: -0.021201651406221676
