soler_all, bach_all
acc: 0.8924528301886793
vms: 0.014347114009817375
nmi: 0.014347114009817375
ari: -0.04909403718649072
