soler_all, mozart_all
acc: 0.6438356164383562
vms: 0.016083965005886432
nmi: 0.01608396500588643
ari: -0.05452883883337793
