soler_all, dvorak_all
acc: 0.5378787878787878
vms: 0.006392659524944407
nmi: 0.006392659524944406
ari: -0.0005639053244002901
