soler_all, brahms_all
acc: 0.5217391304347826
vms: 0.008615477013232436
nmi: 0.008615477013232436
ari: -0.019631873182611323
