soler_all, dandrieu_all
acc: 0.5546875
vms: 0.009275139922590008
nmi: 0.009275139922590008
ari: 0.005027190384962929
