bach_, beethoven_, schubert_, debussy_
acc: 0.3826955074875208
vms: 0.04592718723925775
nmi: 0.04592718723925775
ari: 0.015018400469995552
