buxtehude_(c)contributors-kunstderf, haydn_, brahms_, alkan_(c)contributors-kunstderf
acc: 0.4410011918951132
vms: 0.15514274555700827
nmi: 0.15514274555700824
ari: 0.1505757568443403
