byrd_(c)contributors-kunstderf, handel_, chopin_, scriabin_(c)contributors-kunstderf
acc: 0.5406779661016949
vms: 0.299292667689482
nmi: 0.299292667689482
ari: 0.2649883511291051
