scarlatti_, mozart_, faure_(c)contributors-kunstderf, shostakovich_(c)contributors-kunstderf
acc: 0.5060577819198508
vms: 0.3324945017023911
nmi: 0.3324945017023911
ari: 0.29737172424084085
