beethoven_, handel_, mozart_, haydn_
acc: 0.3033783783783784
vms: 0.0061428383927925444
nmi: 0.022606501643935455
ari: -0.0004257488129714428
