brahms_, chopin_, schubert_, faure_(c)contributors-kunstderf
acc: 0.3532818532818533
vms: 0.011265043326596176
nmi: 0.03273588669310956
ari: 0.0001926892366112526
