alkan_(c)contributors-kunstderf, chopin_
acc: 0.5128205128205128
vms: 0.0001318054818099577
nmi: 0.0001318054818099577
ari: -0.003457574313304989
