alkan_(c)contributors-kunstderf, scarlatti_
acc: 0.8814229249011858
vms: 0.40016676926527034
nmi: 0.40016676926527034
ari: 0.5600613788017992
