alkan_(c)contributors-kunstderf, handel_
acc: 0.5304347826086957
vms: 0.00339154949866379
nmi: 0.00339154949866379
ari: 0.0015182426341510218
