alkan_(c)contributors-kunstderf, mozart_
acc: 0.6340579710144928
vms: 0.03418232185133973
nmi: 0.034182321851339736
ari: 0.06584981878709815
