alkan_(c)contributors-kunstderf, bach_
acc: 0.6513535684987695
vms: 0.000408469488813316
nmi: 0.00040846948881331606
ari: 0.00862616107008298
