alkan_(c)contributors-kunstderf, debussy_
acc: 0.5406824146981627
vms: 0.004013188978513596
nmi: 0.004013188978513595
ari: 0.003984581501580351
