alkan_(c)contributors-kunstderf, faure_(c)contributors-kunstderf
acc: 0.5912408759124088
vms: 0.0010030400929512632
nmi: 0.0010030400929512632
ari: 0.007419093254699634
