alkan_(c)contributors-kunstderf, dandrieu_(c)contributors-kunstderf
acc: 0.6179775280898876
vms: 0.005861271527703966
nmi: 0.005861271527703966
ari: 0.025765738182576017
