bach_, debussy_
acc: 0.6753355704697986
vms: 0.01491186938204603
nmi: 0.01491186938204603
ari: 0.05550571314959187
