bach_, scarlatti_
acc: 0.8318471337579618
vms: 0.43776397143074375
nmi: 0.4377639714307438
ari: 0.44015614980518114
