bach_, chopin_
acc: 0.6678141135972461
vms: 0.0027570204174946146
nmi: 0.002757020417494615
ari: 0.02232494463712163
