bach_, haydn_
acc: 0.5064935064935064
vms: 0.05074670583994785
nmi: 0.050746705839947844
ari: -0.04014480462688375
