bach_, buxtehude_(c)contributors-kunstderf
acc: 0.6743542435424354
vms: 0.02088772331954911
nmi: 0.02088772331954911
ari: -0.045251130348989144
