bach_, dvorak_(c)contributors-kunstderf
acc: 0.712037037037037
vms: 0.020369695720888238
nmi: 0.020369695720888238
ari: 0.05368183072615411
