bach_, soler_(c)contributors-kunstderf
acc: 0.6956928838951311
vms: 0.00038384442119223603
nmi: 0.00038384442119223603
ari: -0.006453878240622083
