bach_, faure_(c)contributors-kunstderf
acc: 0.7069124423963133
vms: 0.0055245348695155995
nmi: 0.0055245348695155995
ari: 0.02866295011010345
