bach_, schumann_(c)contributors-kunstderf
acc: 0.6888273314866112
vms: 0.00045524316781250817
nmi: 0.0004552431678125082
ari: 0.007287449199149268
