bach_, dandrieu_(c)contributors-kunstderf
acc: 0.6985157699443414
vms: 0.00223072395132788
nmi: 0.0022307239513278797
ari: 0.01660206384645462
