bach_, brahms_
acc: 0.7378640776699029
vms: 0.08896149114061634
nmi: 0.08896149114061634
ari: 0.14729253983971968
