bach_, shostakovich_(c)contributors-kunstderf
acc: 0.6771300448430493
vms: 1.2330883892895273e-05
nmi: 1.2330883892895273e-05
ari: 0.0011166306340737084
