beethoven_, byrd_(c)contributors-kunstderf
acc: 0.8660377358490566
vms: 0.36990996836090745
nmi: 0.36990996836090745
ari: 0.49914957546752603
