beethoven_, dvorak_(c)contributors-kunstderf
acc: 0.6713995943204868
vms: 0.06684211903679392
nmi: 0.06684211903679393
ari: 0.09174697689025055
