beethoven_, brahms_
acc: 0.7802197802197802
vms: 0.2012024541225467
nmi: 0.2012024541225467
ari: 0.2911448096155575
