beethoven_, soler_(c)contributors-kunstderf
acc: 0.6237006237006237
vms: 9.838209613557074e-05
nmi: 9.838209613557074e-05
ari: 0.0022782922461319645
