beethoven_, bach_
acc: 0.5516285516285516
vms: 0.00798870834966637
nmi: 0.00798870834966637
ari: -0.023656238420416285
