beethoven_, mozart_
acc: 0.5257731958762887
vms: 0.005570998305780906
nmi: 0.005570998305780907
ari: 0.0005743311383360355
