beethoven_, buxtehude_(c)contributors-kunstderf
acc: 0.5875251509054326
vms: 0.0007160506033016741
nmi: 0.0007160506033016741
ari: -0.007920714396160555
