beethoven_, alkan_(c)contributors-kunstderf
acc: 0.6107594936708861
vms: 0.013923373623984901
nmi: 0.013923373623984901
ari: 0.03804349857892541
