beethoven_, shostakovich_(c)contributors-kunstderf
acc: 0.625
vms: 0.018694331437266627
nmi: 0.018694331437266627
ari: 0.04362558535904686
