brahms_, byrd_(c)contributors-kunstderf
acc: 0.7681818181818182
vms: 0.22328933551977423
nmi: 0.22328933551977423
ari: 0.2844354167495075
