brahms_, schumann_(c)contributors-kunstderf
acc: 0.6827956989247311
vms: 0.1622828564562046
nmi: 0.1622828564562046
ari: 0.12708052266261796
