brahms_, scarlatti_
acc: 0.5661218424962853
vms: 0.02790792640212616
nmi: 0.027907926402126155
ari: 0.016633818648686058
