brahms_, chopin_
acc: 0.7320754716981132
vms: 0.1560234615710323
nmi: 0.15602346157103228
ari: 0.2122840511887325
