brahms_, debussy_
acc: 0.7084745762711865
vms: 0.1201172022023953
nmi: 0.1201172022023953
ari: 0.1704905668338634
