brahms_, dvorak_(c)contributors-kunstderf
acc: 0.6174863387978142
vms: 0.053250772231353785
nmi: 0.05325077223135377
ari: 0.05016042652420198
