brahms_, mozart_
acc: 0.8218884120171673
vms: 0.283076273346205
nmi: 0.28307627334620505
ari: 0.3979701665343977
