brahms_, alkan_(c)contributors-kunstderf
acc: 0.7204968944099379
vms: 0.1337613778221205
nmi: 0.1337613778221205
ari: 0.19079913572160817
