brahms_, soler_(c)contributors-kunstderf
acc: 0.6783625730994152
vms: 0.10734756562330913
nmi: 0.10734756562330915
ari: 0.12263251666096844
