brahms_, shostakovich_(c)contributors-kunstderf
acc: 0.7201834862385321
vms: 0.15457938285871398
nmi: 0.15457938285871398
ari: 0.1902014491534693
