brahms_, beethoven_
acc: 0.7802197802197802
vms: 0.20120245412254661
nmi: 0.20120245412254667
ari: 0.2911448096155575
