buxtehude_(c)contributors-kunstderf, debussy_
acc: 0.524390243902439
vms: 0.01780489745787685
nmi: 0.017804897457876848
ari: -0.007615141717036294
