buxtehude_(c)contributors-kunstderf, chopin_
acc: 0.5416666666666666
vms: 0.0036159025020185234
nmi: 0.0036159025020185234
ari: -0.016593902506230385
