buxtehude_(c)contributors-kunstderf, shostakovich_(c)contributors-kunstderf
acc: 0.5384615384615384
vms: 0.014642702510910563
nmi: 0.014642702510910563
ari: -0.002197762850718269
