buxtehude_(c)contributors-kunstderf, alkan_(c)contributors-kunstderf
acc: 0.5347985347985348
vms: 0.0058953009126485574
nmi: 0.005895300912648558
ari: -0.0175525986964303
