buxtehude_(c)contributors-kunstderf, handel_
acc: 0.6430769230769231
vms: 0.05227444221658653
nmi: 0.05227444221658653
ari: 0.07359712416492542
