buxtehude_(c)contributors-kunstderf, schumann_(c)contributors-kunstderf
acc: 0.5766423357664233
vms: 0.02206586396268879
nmi: 0.022065863962688784
ari: 0.017695237558720628
