buxtehude_(c)contributors-kunstderf, scarlatti_
acc: 0.8541666666666666
vms: 0.3311408737783569
nmi: 0.3311408737783569
ari: 0.4096166840866903
