buxtehude_(c)contributors-kunstderf, haydn_
acc: 0.6382978723404256
vms: 0.018571230483519646
nmi: 0.01857123048351965
ari: 0.04370588124263023
