byrd_(c)contributors-kunstderf, chopin_
acc: 0.8674698795180723
vms: 0.42767135489403285
nmi: 0.4276713548940328
ari: 0.5380084689469677
