byrd_(c)contributors-kunstderf, handel_
acc: 0.888268156424581
vms: 0.44898078973983574
nmi: 0.4489807897398357
ari: 0.5916197461990116
