byrd_(c)contributors-kunstderf, bach_
acc: 0.7547000895255148
vms: 0.1531749319240031
nmi: 0.1531749319240031
ari: 0.18482682018346297
