byrd_(c)contributors-kunstderf, mozart_
acc: 0.8955555555555555
vms: 0.45533753906523433
nmi: 0.45533753906523433
ari: 0.6018549620654251
