byrd_(c)contributors-kunstderf, schumann_(c)contributors-kunstderf
acc: 0.8411764705882353
vms: 0.35870113971794054
nmi: 0.35870113971794054
ari: 0.4620488754626934
