byrd_(c)contributors-kunstderf, scarlatti_
acc: 0.6103500761035008
vms: 0.07070131474817237
nmi: 0.07070131474817237
ari: 0.04748498178535119
