byrd_(c)contributors-kunstderf, alkan_(c)contributors-kunstderf
acc: 0.8594771241830066
vms: 0.3945426609438925
nmi: 0.39454266094389256
ari: 0.5122180763468026
