chopin_, shostakovich_(c)contributors-kunstderf
acc: 0.5425101214574899
vms: 0.0005744586003053619
nmi: 0.0005744586003053619
ari: 0.0001738022682316325
