chopin_, beethoven_
acc: 0.6434782608695652
vms: 0.029360457385508878
nmi: 0.029360457385508874
ari: 0.06661800419627033
