chopin_, mozart_
acc: 0.6666666666666666
vms: 0.05590175805852201
nmi: 0.05590175805852201
ari: 0.10167982705402762
