chopin_, debussy_
acc: 0.5185185185185185
vms: 0.002928418622201037
nmi: 0.002928418622201037
ari: -0.002057273499895893
