chopin_, schumann_(c)contributors-kunstderf
acc: 0.5813953488372093
vms: 0.0017532004726432508
nmi: 0.0017532004726432513
ari: 0.008328528747440228
