chopin_, handel_
acc: 0.5086848635235732
vms: 0.0001570741647035228
nmi: 0.00015707416470352276
ari: -0.002019461678392117
