chopin_, faure_(c)contributors-kunstderf
acc: 0.6175115207373272
vms: 0.008220562652721327
nmi: 0.008220562652721327
ari: 0.03053632585577629
