chopin_, byrd_(c)contributors-kunstderf
acc: 0.8674698795180723
vms: 0.4276713548940329
nmi: 0.4276713548940329
ari: 0.5380084689469677
