dandrieu_(c)contributors-kunstderf, beethoven_
acc: 0.6415478615071283
vms: 0.02196849562164362
nmi: 0.02196849562164362
ari: 0.04735481577638945
