dandrieu_(c)contributors-kunstderf, soler_(c)contributors-kunstderf
acc: 0.5517241379310345
vms: 0.013764183501813168
nmi: 0.013764183501813168
ari: 0.0021922520051441113
