dandrieu_(c)contributors-kunstderf, chopin_
acc: 0.6190476190476191
vms: 0.005797468888189878
nmi: 0.005797468888189879
ari: 0.02609959879031312
