dandrieu_(c)contributors-kunstderf, byrd_(c)contributors-kunstderf
acc: 0.8484848484848485
vms: 0.3760217256102688
nmi: 0.3760217256102688
ari: 0.4819827122354732
