dandrieu_(c)contributors-kunstderf, brahms_
acc: 0.6685082872928176
vms: 0.0854628831848823
nmi: 0.0854628831848823
ari: 0.10879888665985749
