debussy_, beethoven_
acc: 0.6462809917355372
vms: 0.03750628476814162
nmi: 0.037506284768141614
ari: 0.07550613633442797
