debussy_, schumann_(c)contributors-kunstderf
acc: 0.5510204081632653
vms: 0.0005922961046504779
nmi: 0.000592296104650478
ari: -0.008472288234417435
