debussy_, haydn_
acc: 0.7296
vms: 0.11886329037178613
nmi: 0.11886329037178611
ari: 0.197808456955648
