debussy_, scriabin_(c)contributors-kunstderf
acc: 0.5992366412213741
vms: 0.02055659366465586
nmi: 0.02055659366465586
ari: 0.03419667610383403
