debussy_, shostakovich_(c)contributors-kunstderf
acc: 0.5090252707581228
vms: 0.0006144778635740047
nmi: 0.0006144778635740047
ari: -0.0049949369502730835
