debussy_, chopin_
acc: 0.5123456790123457
vms: 0.001960956859895958
nmi: 0.001960956859895958
ari: -0.0028574245971062727
