debussy_, soler_(c)contributors-kunstderf
acc: 0.5608695652173913
vms: 0.005206234993654592
nmi: 0.005206234993654592
ari: -0.022150920368100683
