debussy_, byrd_(c)contributors-kunstderf
acc: 0.8172043010752689
vms: 0.3173543623712084
nmi: 0.3173543623712084
ari: 0.3998929401972048
