dvorak_(c)contributors-kunstderf, mozart_
acc: 0.7070217917675545
vms: 0.12786954742569714
nmi: 0.12786954742569714
ari: 0.15189813057200977
