dvorak_(c)contributors-kunstderf, chopin_
acc: 0.6556603773584906
vms: 0.05923058667740149
nmi: 0.05923058667740149
ari: 0.09023646103807212
