dvorak_(c)contributors-kunstderf, soler_(c)contributors-kunstderf
acc: 0.652542372881356
vms: 0.07992507408501998
nmi: 0.07992507408501998
ari: 0.08529951792305872
