dvorak_(c)contributors-kunstderf, debussy_
acc: 0.6115702479338843
vms: 0.02668903158239203
nmi: 0.02668903158239203
ari: 0.04314267691848458
