faure_(c)contributors-kunstderf, faure_(c)contributors-kunstderf
acc: 0.5
vms: -2.562741203051941e-15
nmi: -2.5627412030519373e-15
ari: 0.0
