faure_(c)contributors-kunstderf, beethoven_
acc: 0.6626506024096386
vms: 0.07553085438034533
nmi: 0.07553085438034533
ari: 0.08959842003371275
