faure_(c)contributors-kunstderf, haydn_
acc: 0.7451737451737451
vms: 0.15184128841621033
nmi: 0.15184128841621033
ari: 0.19801684721105503
