faure_(c)contributors-kunstderf, debussy_
acc: 0.562753036437247
vms: 0.00023558085530538057
nmi: 0.00023558085530538057
ari: 0.00046303361112766
