faure_(c)contributors-kunstderf, schumann_(c)contributors-kunstderf
acc: 0.5217391304347826
vms: 0.002308105833793713
nmi: 0.002308105833793713
ari: -0.004180656883723335
