faure_(c)contributors-kunstderf, brahms_
acc: 0.6063829787234043
vms: 0.0628585225292374
nmi: 0.0628585225292374
ari: 0.03783789479607156
