handel_, brahms_
acc: 0.7807486631016043
vms: 0.19921937976831935
nmi: 0.19921937976831938
ari: 0.30440117925778115
