handel_, schumann_(c)contributors-kunstderf
acc: 0.5185185185185185
vms: 0.0005218481272575946
nmi: 0.0005218481272575946
ari: -0.0039671702103701
