handel_, byrd_(c)contributors-kunstderf
acc: 0.888268156424581
vms: 0.44898078973983563
nmi: 0.44898078973983563
ari: 0.5916197461990116
