handel_, haydn_
acc: 0.7088068181818182
vms: 0.11642820488491797
nmi: 0.116428204884918
ari: 0.17161002081701393
