handel_, shostakovich_(c)contributors-kunstderf
acc: 0.5196629213483146
vms: 0.0016808691327402018
nmi: 0.0016808691327402018
ari: -0.0007371455206147301
