handel_, faure_(c)contributors-kunstderf
acc: 0.5306748466257669
vms: 0.022268622198776178
nmi: 0.02226862219877618
ari: -0.0032034076921313376
