handel_, soler_(c)contributors-kunstderf
acc: 0.5210355987055016
vms: 0.011785019039402893
nmi: 0.011785019039402891
ari: -0.00206829840984845
