handel_, dvorak_(c)contributors-kunstderf
acc: 0.557632398753894
vms: 0.032020437298505885
nmi: 0.03202043729850588
ari: 0.009795276393252927
