handel_, mozart_
acc: 0.652317880794702
vms: 0.06543103024394797
nmi: 0.06543103024394799
ari: 0.09122674897844177
