handel_, buxtehude_(c)contributors-kunstderf
acc: 0.5938461538461538
vms: 0.038734029095444406
nmi: 0.038734029095444406
ari: 0.03308452566990199
