handel_, beethoven_
acc: 0.6038011695906432
vms: 0.02569360385900866
nmi: 0.02569360385900866
ari: 0.04101197760431932
