handel_, debussy_
acc: 0.5219399538106235
vms: 0.002178813999194158
nmi: 0.0021788139991941575
ari: -0.00040085294922739476
