handel_, bach_
acc: 0.6215578284815106
vms: 4.7107373812974395e-06
nmi: 4.7107373812974395e-06
ari: -0.0013163816525345218
