handel_, scarlatti_
acc: 0.9235511713933415
vms: 0.5888506222665821
nmi: 0.5888506222665821
ari: 0.713456310628035
