handel_, dandrieu_(c)contributors-kunstderf
acc: 0.5015673981191222
vms: 0.00021118492985659271
nmi: 0.00021118492985659271
ari: -0.0020775105647687334
