haydn_, dandrieu_(c)contributors-kunstderf
acc: 0.6986301369863014
vms: 0.05284513398268447
nmi: 0.052845133982684464
ari: 0.10134080313839296
