haydn_, beethoven_
acc: 0.58675799086758
vms: 0.023139041439106244
nmi: 0.02313904143910624
ari: 0.02905858162660298
