haydn_, mozart_
acc: 0.5540201005025126
vms: 0.00371319715825567
nmi: 0.00371319715825567
ari: 0.008786865152671432
