haydn_, alkan_(c)contributors-kunstderf
acc: 0.6809815950920245
vms: 0.05724843696471191
nmi: 0.057248436964711914
ari: 0.1163965422636354
