haydn_, schumann_(c)contributors-kunstderf
acc: 0.7073643410852714
vms: 0.07479000788285468
nmi: 0.07479000788285467
ari: 0.12449746087288852
