haydn_, chopin_
acc: 0.7243697478991596
vms: 0.10323301591586713
nmi: 0.10323301591586713
ari: 0.18104143703903372
