haydn_, brahms_
acc: 0.8409893992932862
vms: 0.32728495738198
nmi: 0.32728495738198005
ari: 0.438241582546476
