haydn_, scarlatti_
acc: 0.9720837487537388
vms: 0.8156422157541482
nmi: 0.8156422157541483
ari: 0.8913291440625429
