haydn_, soler_(c)contributors-kunstderf
acc: 0.6846307385229541
vms: 0.01961104206542937
nmi: 0.01961104206542937
ari: 0.05757456446619004
