haydn_, dvorak_(c)contributors-kunstderf
acc: 0.746588693957115
vms: 0.1563811881298484
nmi: 0.1563811881298484
ari: 0.19743724330053983
