mozart_, debussy_
acc: 0.6761904761904762
vms: 0.0745437367300802
nmi: 0.07454373673008022
ari: 0.11940148145812653
