mozart_, scarlatti_
acc: 0.9501661129568106
vms: 0.7075892062821808
nmi: 0.7075892062821808
ari: 0.8097232533417298
