mozart_, schumann_(c)contributors-kunstderf
acc: 0.6490384615384616
vms: 0.02359908319507779
nmi: 0.023599083195077787
ari: 0.056721194311258376
