mozart_, dandrieu_(c)contributors-kunstderf
acc: 0.6472019464720195
vms: 0.032500121875891755
nmi: 0.032500121875891755
ari: 0.06143671266859658
