mozart_, bach_
acc: 0.5546588407923698
vms: 0.02066620198803033
nmi: 0.020666201988030333
ari: -0.04092259807228719
