mozart_, faure_(c)contributors-kunstderf
acc: 0.7105263157894737
vms: 0.1332416574652762
nmi: 0.13324165746527622
ari: 0.15973871495811443
