mozart_, soler_(c)contributors-kunstderf
acc: 0.6408977556109726
vms: 0.013327396104629591
nmi: 0.01332739610462959
ari: 0.03851977866672714
