mozart_, buxtehude_(c)contributors-kunstderf
acc: 0.60431654676259
vms: 0.005919636149484811
nmi: 0.005919636149484811
ari: 0.020482555784050758
