scarlatti_, alkan_(c)contributors-kunstderf
acc: 0.8827404479578392
vms: 0.4040002827952407
nmi: 0.4040002827952407
ari: 0.5640525240372267
