scarlatti_, faure_(c)contributors-kunstderf
acc: 0.6576
vms: 0.0882352705619753
nmi: 0.0882352705619753
ari: 0.08320130086724482
