scarlatti_, debussy_
acc: 0.8210382513661202
vms: 0.2537141917716563
nmi: 0.2537141917716564
ari: 0.38641404426277354
