scarlatti_, bach_
acc: 0.8318471337579618
vms: 0.4377639714307437
nmi: 0.4377639714307437
ari: 0.44015614980518114
