scarlatti_, chopin_
acc: 0.8390313390313391
vms: 0.3008027010750963
nmi: 0.3008027010750963
ari: 0.4281445541196784
