scarlatti_, buxtehude_(c)contributors-kunstderf
acc: 0.8333333333333334
vms: 0.29976112452587383
nmi: 0.29976112452587383
ari: 0.36031805988387394
