scarlatti_, beethoven_
acc: 0.9318413021363174
vms: 0.6469602195300357
nmi: 0.6469602195300358
ari: 0.745538932599776
