scarlatti_, dvorak_(c)contributors-kunstderf
acc: 0.5725806451612904
vms: 0.050420005682409876
nmi: 0.05042000568240987
ari: 0.02037593545276193
