schumann_(c)contributors-kunstderf, soler_(c)contributors-kunstderf
acc: 0.5206611570247934
vms: 0.007948042087335645
nmi: 0.007948042087335645
ari: -0.0077449764778818484
