schumann_(c)contributors-kunstderf, beethoven_
acc: 0.6290322580645161
vms: 0.007349283029988071
nmi: 0.007349283029988071
ari: 0.027209337457164806
