scriabin_(c)contributors-kunstderf, mozart_
acc: 0.7043879907621247
vms: 0.09930037522494935
nmi: 0.09930037522494933
ari: 0.1481409189328109
