scriabin_(c)contributors-kunstderf, handel_
acc: 0.5454545454545454
vms: 0.020516246580220866
nmi: 0.020516246580220866
ari: 0.004019974247040094
