scriabin_(c)contributors-kunstderf, dvorak_(c)contributors-kunstderf
acc: 0.5133333333333333
vms: 0.00023499570992277958
nmi: 0.00023499570992277958
ari: -0.0059703524277578334
