scriabin_(c)contributors-kunstderf, soler_(c)contributors-kunstderf
acc: 0.5942028985507246
vms: 0.043623014331471165
nmi: 0.043623014331471165
ari: 0.027400626684139763
