scriabin_(c)contributors-kunstderf, bach_
acc: 0.7018181818181818
vms: 0.01946037883493068
nmi: 0.01946037883493068
ari: 0.05569882866987074
