scriabin_(c)contributors-kunstderf, brahms_
acc: 0.6157635467980296
vms: 0.04268326091548906
nmi: 0.04268326091548907
ari: 0.04899683906400063
