scriabin_(c)contributors-kunstderf, chopin_
acc: 0.6206896551724138
vms: 0.030967482164721078
nmi: 0.03096748216472108
ari: 0.052361408458463404
