scriabin_(c)contributors-kunstderf, haydn_
acc: 0.7429643527204502
vms: 0.11587557191901215
nmi: 0.11587557191901215
ari: 0.19015562852918752
