scriabin_(c)contributors-kunstderf, beethoven_
acc: 0.6764132553606238
vms: 0.07225106953477961
nmi: 0.07225106953477961
ari: 0.10482930846089199
