shostakovich_(c)contributors-kunstderf, alkan_(c)contributors-kunstderf
acc: 0.5460526315789473
vms: 0.0010005555865833203
nmi: 0.0010005555865833203
ari: 0.002244246462928687
