byrd_all, handel_all, chopin_all, scriabin_all
acc: 0.34185303514376997
vms: 0.06799443898722554
nmi: 0.06799443898722556
ari: -0.0018804835845094986
