beethoven_, handel_, mozart_, haydn_
acc: 0.32432432432432434
vms: 0.02359039582586891
nmi: 0.02359039582586891
ari: 0.02156185231764854
