brahms_, chopin_, schubert_, faure_(c)contributors-kunstderf
acc: 0.3436293436293436
vms: 0.03079889772371927
nmi: 0.030798897723719267
ari: 0.01644242203426563
