scarlatti_, bach_, byrd_(c)contributors-kunstderf, buxtehude_(c)contributors-kunstderf
acc: 0.3497989661114302
vms: 0.05974330973107296
nmi: 0.059743309731072954
ari: 0.006787661532672381
