alkan_(c)contributors-kunstderf, bach_
acc: 0.8318293683347006
vms: 0.0006559217174231621
nmi: 0.002742773493681758
ari: -0.0013075339662341836
