alkan_(c)contributors-kunstderf, schumann_(c)contributors-kunstderf
acc: 0.7463235294117647
vms: 0.0036136646244979056
nmi: 0.009070999631917149
ari: -0.004878398737355621
