alkan_(c)contributors-kunstderf, haydn_
acc: 0.6901840490797546
vms: 0.011132199434306378
nmi: 0.03143139119836483
ari: 0.007342263471008999
