alkan_(c)contributors-kunstderf, faure_(c)contributors-kunstderf
acc: 0.7262773722627737
vms: 0.0009048508933190884
nmi: 0.0010427798916451442
ari: 0.010413112507205308
