alkan_(c)contributors-kunstderf, handel_
acc: 0.558695652173913
vms: 0.005042674956843732
nmi: 0.01716136066129987
ari: 0.0011081658805780813
