alkan_(c)contributors-kunstderf, scarlatti_
acc: 0.7325428194993412
vms: 0.005855303846801749
nmi: 0.022659645565467037
ari: 0.004527378561009797
