alkan_(c)contributors-kunstderf, buxtehude_(c)contributors-kunstderf
acc: 0.7435897435897436
vms: 0.003628265243938578
nmi: 0.009142944187542856
ari: -0.004825549770766709
