alkan_(c)contributors-kunstderf, dandrieu_(c)contributors-kunstderf
acc: 0.7677902621722846
vms: 0.01902339102176036
nmi: 0.04678891901124176
ari: 0.01666947736633364
