alkan_(c)contributors-kunstderf, chopin_
acc: 0.5783475783475783
vms: 0.004429195348931129
nmi: 0.013438068143226841
ari: -0.0015916516078073517
