alkan_(c)contributors-kunstderf, brahms_
acc: 0.6366459627329193
vms: 0.009220075953792614
nmi: 0.02659038814127361
ari: 0.0045226647528351285
