alkan_(c)contributors-kunstderf, beethoven_
acc: 0.6772151898734177
vms: 0.0006554538254235512
nmi: 0.0018381965591173636
ari: 0.0017896302635957194
