alkan_(c)contributors-kunstderf, scriabin_(c)contributors-kunstderf
acc: 0.6885813148788927
vms: 0.00011523355202489337
nmi: 0.00014127943858724702
ari: -0.00338008179424466
