alkan_(c)contributors-kunstderf, debussy_
acc: 0.5380577427821522
vms: 0.005688581692999063
nmi: 0.017973910272464394
ari: 0.0008007271090611954
