bach_, debussy_
acc: 0.8506711409395973
vms: 0.0006321189879938886
nmi: 0.002527798190616768
ari: -0.0013807412593877732
