bach_, buxtehude_(c)contributors-kunstderf
acc: 0.9372693726937269
vms: 0.020855146291188665
nmi: 0.060963320573506063
ari: 0.02500111571439873
