bach_, faure_(c)contributors-kunstderf
acc: 0.9345622119815669
vms: 0.0004987913615742857
nmi: 0.0014652878311474233
ari: -0.0016965629788406509
