bach_, schumann_(c)contributors-kunstderf
acc: 0.9362880886426593
vms: 0.0004951919997110449
nmi: 0.0014402820378689488
ari: -0.0017025982602322566
