bach_, dvorak_(c)contributors-kunstderf
acc: 0.9388888888888889
vms: 0.0004896499402035811
nmi: 0.001402195943413083
ari: -0.0017116068565160576
