bach_, soler_(c)contributors-kunstderf
acc: 0.949438202247191
vms: 0.00046546369562110385
nmi: 0.0012420378152013954
ari: -0.0017467707900022077
