bach_, beethoven_
acc: 0.7027027027027027
vms: 0.0007949363470039428
nmi: 0.004131316824806323
ari: -0.0008011209162330078
