bach_, scarlatti_
acc: 0.6458598726114649
vms: 0.0008487766502086923
nmi: 0.004726207058385089
ari: -0.0005771902811195857
