bach_, brahms_
acc: 0.8949691085613416
vms: 0.0005692701607370366
nmi: 0.0019954725894686777
ari: -0.001550824353999722
