bach_, alkan_(c)contributors-kunstderf
acc: 0.8334700574241182
vms: 0.006406942098869933
nmi: 0.02679098815841966
ari: 0.00650562243003864
