beethoven_, scriabin_(c)contributors-kunstderf
acc: 0.8304093567251462
vms: 0.002983149525205962
nmi: 0.006612294233958717
ari: -0.006141348922315171
