beethoven_, dvorak_(c)contributors-kunstderf
acc: 0.8661257606490872
vms: 0.0014195856839288744
nmi: 0.0038048683877532625
ari: -0.0034080726038624395
