beethoven_, alkan_(c)contributors-kunstderf
acc: 0.6693037974683544
vms: 0.0010144042376662536
nmi: 0.00164666452592241
ari: -0.004526982002728018
