beethoven_, buxtehude_(c)contributors-kunstderf
acc: 0.8591549295774648
vms: 0.0014427746213744516
nmi: 0.003938923329045228
ari: -0.0033461238267088835
