beethoven_, brahms_
acc: 0.7857142857142857
vms: 0.010505235020562187
nmi: 0.03365591189777039
ari: 0.009589914081800056
