beethoven_, haydn_
acc: 0.5125570776255708
vms: 0.002332163445417522
nmi: 0.010435067703463254
ari: 0.00010668745293871292
