beethoven_, byrd_(c)contributors-kunstderf
acc: 0.8037735849056604
vms: 0.003141654878669286
nmi: 0.007331160953026641
ari: -0.005668297873823135
