beethoven_, scarlatti_
acc: 0.5025432349949135
vms: 0.07185241133756494
nmi: 0.08066979333043708
ari: -0.012673739767488373
