beethoven_, chopin_
acc: 0.7426086956521739
vms: 0.0017685818839322312
nmi: 0.006028288922576302
ari: -0.002278687188881681
