beethoven_, dandrieu_(c)contributors-kunstderf
acc: 0.869653767820774
vms: 0.0014075970133873416
nmi: 0.0037363869129512918
ari: -0.003439261181786158
