beethoven_, handel_
acc: 0.6242690058479532
vms: 0.0020412902340369247
nmi: 0.00804297758909044
ari: -0.0011746030712860252
