beethoven_, mozart_
acc: 0.5193298969072165
vms: 9.562156424993817e-06
nmi: 9.57034507151757e-06
ari: -0.0008829343168495626
