beethoven_, debussy_
acc: 0.7057851239669422
vms: 0.0018572071441137874
nmi: 0.006657970220668169
ari: -0.0019360373389774675
