beethoven_, faure_(c)contributors-kunstderf
acc: 0.857429718875502
vms: 0.0014484170568091993
nmi: 0.003971857273567201
ari: -0.0033307313932593543
