brahms_, haydn_
acc: 0.8180212014134276
vms: 0.10854177869447329
nmi: 0.12354543391841902
ari: 0.16984373371914194
