brahms_, debussy_
acc: 0.6033898305084746
vms: 0.00895455170351014
nmi: 0.02522082865746902
ari: 0.003388078557482624
