brahms_, byrd_(c)contributors-kunstderf
acc: 0.9318181818181818
vms: 0.7014018577830046
nmi: 0.7014728737569653
ari: 0.7446998405868676
