brahms_, shostakovich_(c)contributors-kunstderf
acc: 0.5458715596330275
vms: 0.009978601423882648
nmi: 0.025245102016189628
ari: 0.0016513081019053186
