brahms_, scriabin_(c)contributors-kunstderf
acc: 0.5615763546798029
vms: 0.027891351281401563
nmi: 0.04220666121220047
ari: -0.009833701167505194
