brahms_, dandrieu_(c)contributors-kunstderf
acc: 0.6464088397790055
vms: 0.006971018127777305
nmi: 0.01594674728337565
ari: -0.0051394321261230965
