brahms_, soler_(c)contributors-kunstderf
acc: 0.6842105263157895
vms: 0.006648369704456687
nmi: 0.014604599915789992
ari: -0.006418329781050085
