brahms_, schumann_(c)contributors-kunstderf
acc: 0.6290322580645161
vms: 0.007115504125467869
nmi: 0.016563625395801296
ari: -0.004549170512276676
