brahms_, brahms_
acc: 0.5
vms: 2.3939626255229657e-15
nmi: 4.825860653959067e-15
ari: -0.00014304612442814118
