brahms_, beethoven_
acc: 0.782051282051282
vms: 0.0016678765301910757
nmi: 0.0053434221553918
ari: -0.0026439482748888033
