brahms_, buxtehude_(c)contributors-kunstderf
acc: 0.6363636363636364
vms: 0.015486551733026191
nmi: 0.03616907136079024
ari: 0.007584104598207524
