brahms_, chopin_
acc: 0.5584905660377358
vms: 0.008601232882646486
nmi: 0.023444897366879706
ari: 0.001854580526773748
