brahms_, mozart_
acc: 0.5600858369098712
vms: 0.005104170192336596
nmi: 0.005128506924697711
ari: 0.010290382238933858
