brahms_, alkan_(c)contributors-kunstderf
acc: 0.6304347826086957
vms: 0.004189148623783422
nmi: 0.012081363369036391
ari: -0.002616051180561259
