brahms_, scarlatti_
acc: 0.5572065378900446
vms: 0.009084820515940265
nmi: 0.009215467877669074
ari: -0.023197286023420593
