buxtehude_(c)contributors-kunstderf, chopin_
acc: 0.6851851851851852
vms: 0.01617850566882444
nmi: 0.03902969490712738
ari: 0.010439029186673558
