buxtehude_(c)contributors-kunstderf, scarlatti_
acc: 0.5144230769230769
vms: 0.00019250709602213533
nmi: 0.00020405646191904144
ari: -0.00019796410415034177
