buxtehude_(c)contributors-kunstderf, debussy_
acc: 0.7154471544715447
vms: 0.0043280458988401126
nmi: 0.010709526880623339
ari: -0.0049419460603696876
