buxtehude_(c)contributors-kunstderf, bach_
acc: 0.9354243542435424
vms: 0.0004970008876004446
nmi: 0.0014528224359137804
ari: -0.00169958323575698
