buxtehude_(c)contributors-kunstderf, handel_
acc: 0.7230769230769231
vms: 0.002092261927118777
nmi: 0.002156942043586628
ari: -0.023591882882242978
