buxtehude_(c)contributors-kunstderf, brahms_
acc: 0.6256684491978609
vms: 0.00714323906217206
nmi: 0.016683140820554967
ari: -0.0044347730277657415
