buxtehude_(c)contributors-kunstderf, dvorak_(c)contributors-kunstderf
acc: 0.5223880597014925
vms: 0.014738099476608467
nmi: 0.03110035300895662
ari: 0.0009186648737167197
