buxtehude_(c)contributors-kunstderf, mozart_
acc: 0.8369304556354916
vms: 0.018598427554899107
nmi: 0.04976748417845008
ari: 0.019244376948133475
