buxtehude_(c)contributors-kunstderf, beethoven_
acc: 0.8531187122736419
vms: 0.005373779906503105
nmi: 0.008796825771994947
ari: -0.012859639191855125
