byrd_(c)contributors-kunstderf, scarlatti_
acc: 0.502283105022831
vms: 1.3100253079362036e-05
nmi: 1.346896072205265e-05
ari: -0.0008334219589812499
