byrd_(c)contributors-kunstderf, handel_
acc: 0.9497206703910615
vms: 0.7044949857909576
nmi: 0.7050652844440265
ari: 0.7985991055992914
