byrd_(c)contributors-kunstderf, brahms_
acc: 0.9318181818181818
vms: 0.6784820162549812
nmi: 0.6785268135040176
ari: 0.7447012342989282
