byrd_(c)contributors-kunstderf, bach_
acc: 0.9077887197851388
vms: 0.0005484764081926465
nmi: 0.0018313169992019852
ari: -0.0015990664196716012
