byrd_(c)contributors-kunstderf, beethoven_
acc: 0.8056603773584906
vms: 0.0016037709005361173
nmi: 0.0049251162895852085
ari: -0.002861196107665272
