byrd_(c)contributors-kunstderf, haydn_
acc: 0.9709090909090909
vms: 0.7600091416418592
nmi: 0.7607259092580367
ari: 0.8616156447817109
