byrd_(c)contributors-kunstderf, debussy_
acc: 0.6272401433691757
vms: 0.009374771461081045
nmi: 0.01960792743290054
ari: -0.005959217859839339
