byrd_(c)contributors-kunstderf, mozart_
acc: 0.7711111111111111
vms: 0.0020759447253014336
nmi: 0.006220295800865435
ari: -0.0031299923546457623
