byrd_(c)contributors-kunstderf, chopin_
acc: 0.5863453815261044
vms: 0.00603836690209511
nmi: 0.015947766963496028
ari: -0.002457645768110707
