chopin_, soler_(c)contributors-kunstderf
acc: 0.74
vms: 0.02189622233891366
nmi: 0.04947638360768192
ari: 0.01763809358477853
