chopin_, brahms_
acc: 0.5811320754716981
vms: 0.05392618326728818
nmi: 0.07534064065355377
ari: 0.01537188559970855
