chopin_, byrd_(c)contributors-kunstderf
acc: 0.9437751004016064
vms: 0.7324346937758953
nmi: 0.7325886918266195
ari: 0.7863840899945629
