chopin_, scarlatti_
acc: 0.7891737891737892
vms: 0.0012787289298441444
nmi: 0.004508067014364982
ari: -0.0020883578437519246
