chopin_, schumann_(c)contributors-kunstderf
acc: 0.6790697674418604
vms: 0.005426183371367485
nmi: 0.013044129481837759
ari: -0.004985230836046814
