chopin_, haydn_
acc: 0.6756302521008404
vms: 0.12204422748364975
nmi: 0.12274001716766891
ari: 0.1218233658979613
