chopin_, beethoven_
acc: 0.7478260869565218
vms: 0.013298159045250236
nmi: 0.020904897603250632
ari: 0.025679067704770256
