chopin_, dvorak_(c)contributors-kunstderf
acc: 0.6981132075471698
vms: 0.017334019538323205
nmi: 0.041213898913433515
ari: 0.011863169062461156
