chopin_, faure_(c)contributors-kunstderf
acc: 0.6820276497695853
vms: 0.01591115222507679
nmi: 0.038518371326842396
ari: 0.010112380630757542
