chopin_, handel_
acc: 0.6104218362282878
vms: 0.03237626426299558
nmi: 0.0323866397332766
ari: 0.04617292893728227
