chopin_, mozart_
acc: 0.701010101010101
vms: 0.002288570445523392
nmi: 0.007574980402386329
ari: -0.0023300097160622087
