chopin_, dandrieu_(c)contributors-kunstderf
acc: 0.5714285714285714
vms: 0.018767147976872275
nmi: 0.0188046214254855
ari: 0.016455160080942405
