chopin_, bach_
acc: 0.8726333907056799
vms: 0.0006023998845227557
nmi: 0.002269516163413947
ari: -0.0014655386167973445
