chopin_, shostakovich_(c)contributors-kunstderf
acc: 0.5991902834008097
vms: 0.010474893684696713
nmi: 0.027543918519502705
ari: 0.003803612688838773
