dandrieu_(c)contributors-kunstderf, brahms_
acc: 0.6408839779005525
vms: 0.0001767659627610023
nmi: 0.00021375661647826736
ari: 0.001960771121582714
