dandrieu_(c)contributors-kunstderf, soler_(c)contributors-kunstderf
acc: 0.5344827586206896
vms: 0.014327850438600269
nmi: 0.028639664618883478
ari: -0.002736839931010988
