dandrieu_(c)contributors-kunstderf, chopin_
acc: 0.7047619047619048
vms: 0.017969261028849187
nmi: 0.04239762676176518
ari: 0.012653869329430852
