dandrieu_(c)contributors-kunstderf, handel_
acc: 0.799373040752351
vms: 0.0026670466254568154
nmi: 0.006731161217123474
ari: -0.0046929982504018185
