dandrieu_(c)contributors-kunstderf, mozart_
acc: 0.851581508515815
vms: 0.04004295322601939
nmi: 0.08007045993776998
ari: 0.043300030665022006
