dandrieu_(c)contributors-kunstderf, haydn_
acc: 0.8806262230919765
vms: 0.14475104700978184
nmi: 0.14555246636212676
ari: 0.31966673397014
