dandrieu_(c)contributors-kunstderf, dvorak_(c)contributors-kunstderf
acc: 0.5
vms: 0.014413965091017571
nmi: 0.029919346006013908
ari: -0.000480882992771489
