dandrieu_(c)contributors-kunstderf, bach_
acc: 0.9406307977736549
vms: 0.00048585377326895783
nmi: 0.0013764019501235083
ari: -0.0017175765331893134
