dandrieu_(c)contributors-kunstderf, faure_(c)contributors-kunstderf
acc: 0.5338345864661654
vms: 0.015352288970441545
nmi: 0.03228863857094849
ari: 0.0016710831005753517
