dandrieu_(c)contributors-kunstderf, debussy_
acc: 0.7416666666666667
vms: 0.01857625616716284
nmi: 0.044903305577072346
ari: 0.015007831919422843
