dandrieu_(c)contributors-kunstderf, schumann_(c)contributors-kunstderf
acc: 0.5114503816793893
vms: 0.013652196250754782
nmi: 0.028566820441821735
ari: -0.0011227985129157539
