dandrieu_(c)contributors-kunstderf, alkan_(c)contributors-kunstderf
acc: 0.7602996254681648
vms: 0.0035379329803878696
nmi: 0.008701711461285575
ari: -0.005147926833720956
