debussy_, haydn_
acc: 0.7184
vms: 0.006652341076377315
nmi: 0.02400921861116801
ari: 0.004892247097162541
