debussy_, scarlatti_
acc: 0.7595628415300546
vms: 0.006893456682104348
nmi: 0.025638236420358847
ari: 0.0058234420314778185
