debussy_, brahms_
acc: 0.6440677966101694
vms: 0.03850363489645589
nmi: 0.038927098605627077
ari: 0.06764782295695126
