debussy_, handel_
acc: 0.5519630484988453
vms: 0.006279920636105291
nmi: 0.006280258158803266
ari: 0.008423915584555061
