debussy_, faure_(c)contributors-kunstderf
acc: 0.7246963562753036
vms: 0.032007462301274894
nmi: 0.0614550366011393
ari: 0.024705724482855754
