debussy_, debussy_
acc: 0.5
vms: 2.3526723174247084e-15
nmi: 4.2881958398869465e-15
ari: -0.00012660818393494437
