debussy_, chopin_
acc: 0.5432098765432098
vms: 0.005269247582325874
nmi: 0.015576168619137132
ari: -0.0010461725031704187
