debussy_, byrd_(c)contributors-kunstderf
acc: 0.946236559139785
vms: 0.7327317080095558
nmi: 0.7330231865236849
ari: 0.7938072574851394
