debussy_, buxtehude_(c)contributors-kunstderf
acc: 0.7113821138211383
vms: 0.008395567941704759
nmi: 0.01606521236291041
ari: -0.009715176856845366
