debussy_, shostakovich_(c)contributors-kunstderf
acc: 0.6425992779783394
vms: 0.010885710446761296
nmi: 0.0295083966568747
ari: 0.005553165169687377
