debussy_, bach_
acc: 0.7885906040268457
vms: 0.02331920080676133
nmi: 0.024246488121026595
ari: -0.0667805837864505
