debussy_, alkan_(c)contributors-kunstderf
acc: 0.5328083989501312
vms: 0.004634456142605847
nmi: 0.014643245603976363
ari: -0.0006947485210970833
