debussy_, dvorak_(c)contributors-kunstderf
acc: 0.7272727272727273
vms: 0.004257399486631259
nmi: 0.010374628856586998
ari: -0.005206485793731578
