debussy_, beethoven_
acc: 0.6975206611570248
vms: 0.003159541786549466
nmi: 0.005169943957929646
ari: -0.008547448211745683
