debussy_, scriabin_(c)contributors-kunstderf
acc: 0.6793893129770993
vms: 0.01316124712631262
nmi: 0.03430970873378386
ari: 0.008245079990035323
