debussy_, mozart_
acc: 0.7161904761904762
vms: 0.12420568071832137
nmi: 0.12425814439651256
ari: 0.18288285287437878
