debussy_, schumann_(c)contributors-kunstderf
acc: 0.7183673469387755
vms: 0.004310711552276317
nmi: 0.01062694017219372
ari: -0.005007336707588024
