dvorak_(c)contributors-kunstderf, chopin_
acc: 0.6886792452830188
vms: 0.0053597414417119425
nmi: 0.012743486384821777
ari: -0.005245618973197244
