dvorak_(c)contributors-kunstderf, handel_
acc: 0.5358255451713395
vms: 0.00041831383687907555
nmi: 0.0004234494756625375
ari: 0.00024329806200079388
