dvorak_(c)contributors-kunstderf, beethoven_
acc: 0.8640973630831643
vms: 0.002761791188214727
nmi: 0.005666897446949699
ari: -0.006720023732268833
