dvorak_(c)contributors-kunstderf, mozart_
acc: 0.847457627118644
vms: 0.038707121465236236
nmi: 0.07807901544482884
ari: 0.041508701853961716
