dvorak_(c)contributors-kunstderf, haydn_
acc: 0.8752436647173489
vms: 0.020499091006615372
nmi: 0.05516743701278226
ari: 0.022749354049019694
