dvorak_(c)contributors-kunstderf, debussy_
acc: 0.7355371900826446
vms: 0.017925978241326402
nmi: 0.04368285657218692
ari: 0.014177661315238453
