dvorak_(c)contributors-kunstderf, brahms_
acc: 0.639344262295082
vms: 0.0070300152750206405
nmi: 0.016197465518941058
ari: -0.004899604333838767
