faure_(c)contributors-kunstderf, haydn_
acc: 0.6872586872586872
vms: 0.039843658678882336
nmi: 0.040983604838187415
ari: 0.08717260190759869
