faure_(c)contributors-kunstderf, faure_(c)contributors-kunstderf
acc: 0.5
vms: -2.312894905094649e-15
nmi: -3.898667934259724e-15
ari: -0.00040539111429661157
