faure_(c)contributors-kunstderf, handel_
acc: 0.7822085889570553
vms: 0.0027460738073771243
nmi: 0.00713851748597412
ari: -0.004431442822645544
