faure_(c)contributors-kunstderf, chopin_
acc: 0.6728110599078341
vms: 0.005469078148475382
nmi: 0.013239769185696276
ari: -0.004815419347979564
