faure_(c)contributors-kunstderf, brahms_
acc: 0.6223404255319149
vms: 0.007170609059457624
nmi: 0.01680142933575552
ari: -0.004321554524899231
