faure_(c)contributors-kunstderf, dvorak_(c)contributors-kunstderf
acc: 0.5111111111111111
vms: 0.013286745994297933
nmi: 0.028109701708590604
ari: -0.0010583905949785365
