faure_(c)contributors-kunstderf, scriabin_(c)contributors-kunstderf
acc: 0.5548387096774193
vms: 0.014170584512389985
nmi: 0.0314665185581245
ari: 0.0027647671090293355
