faure_(c)contributors-kunstderf, mozart_
acc: 0.8349282296650717
vms: 0.018304502004849017
nmi: 0.0491904191854453
ari: 0.018859681699009
