faure_(c)contributors-kunstderf, alkan_(c)contributors-kunstderf
acc: 0.7408759124087592
vms: 0.0036426942202530113
nmi: 0.00921427851970164
ari: -0.004773048660162363
