faure_(c)contributors-kunstderf, debussy_
acc: 0.7125506072874493
vms: 0.004345170865923264
nmi: 0.010791378637054181
ari: -0.004877045070668144
