faure_(c)contributors-kunstderf, beethoven_
acc: 0.8614457831325302
vms: 0.01880019384514233
nmi: 0.051553995665309556
ari: 0.02036504337593198
