handel_, debussy_
acc: 0.5958429561200924
vms: 0.011751834158220663
nmi: 0.029387779216540847
ari: 0.0041634281850236035
