handel_, dandrieu_(c)contributors-kunstderf
acc: 0.5956112852664577
vms: 0.04302449197246788
nmi: 0.04362041886955975
ari: 0.0344719665650538
