handel_, brahms_
acc: 0.6871657754010695
vms: 0.009633805825515129
nmi: 0.0287847415466671
ari: 0.006243647528706502
