handel_, soler_(c)contributors-kunstderf
acc: 0.8317152103559871
vms: 0.023876017414401433
nmi: 0.05735712158319102
ari: 0.024551354793722262
