handel_, handel_
acc: 0.5
vms: -2.471602096102132e-15
nmi: -6.67285440101426e-15
ari: -3.0458784546384163e-05
