handel_, scarlatti_
acc: 0.5092478421701603
vms: 0.0001270501857163576
nmi: 0.000127211792683528
ari: -0.0016483654448059453
