handel_, scriabin_(c)contributors-kunstderf
acc: 0.7536656891495601
vms: 0.014055348956310783
nmi: 0.03853657541586017
ari: 0.011753429291749532
