handel_, mozart_
acc: 0.597682119205298
vms: 0.02096361239038092
nmi: 0.02096439807409968
ari: 0.03564092594347857
