handel_, schumann_(c)contributors-kunstderf
acc: 0.5370370370370371
vms: 0.06322100209671003
nmi: 0.06339771776806362
ari: -0.06311895443546786
