handel_, faure_(c)contributors-kunstderf
acc: 0.7883435582822086
vms: 0.01751075173878945
nmi: 0.04551982803378948
ari: 0.016206419465673933
