handel_, bach_
acc: 0.7977970102281668
vms: 0.0006959438390609645
nmi: 0.0031198051543137326
ari: -0.0011746404400184518
