handel_, beethoven_
acc: 0.6228070175438597
vms: 0.0040325519260016995
nmi: 0.011949193549328439
ari: -0.0023311924561491724
