handel_, chopin_
acc: 0.5632754342431762
vms: 0.03000755111340622
nmi: 0.030009118552100523
ari: 0.010466329935361007
