handel_, dvorak_(c)contributors-kunstderf
acc: 0.8006230529595015
vms: 0.019029183815028557
nmi: 0.04845140775254527
ari: 0.018185063969056833
