handel_, byrd_(c)contributors-kunstderf
acc: 0.946927374301676
vms: 0.6830999529397849
nmi: 0.6835763574795205
ari: 0.7882710155808089
