handel_, haydn_
acc: 0.6377840909090909
vms: 0.004319032483022088
nmi: 0.017152556702720714
ari: 0.002129728008062634
