handel_, buxtehude_(c)contributors-kunstderf
acc: 0.7846153846153846
vms: 0.0027351740659885765
nmi: 0.007081721188749947
ari: -0.004468227897283575
