haydn_, alkan_(c)contributors-kunstderf
acc: 0.6886503067484663
vms: 0.005640054541127969
nmi: 0.021138449687136393
ari: 0.0036653301918898903
