haydn_, debussy_
acc: 0.5568
vms: 0.03534513196164006
nmi: 0.03543798452384646
ari: -0.05412811870065856
