haydn_, haydn_
acc: 0.5
vms: -3.242832458978182e-16
nmi: -3.24307783831924e-16
ari: -0.0010810533666301898
