haydn_, brahms_
acc: 0.7932862190812721
vms: 0.010577634573458712
nmi: 0.03407654792538521
ari: 0.009846364347849383
