haydn_, byrd_(c)contributors-kunstderf
acc: 0.9727272727272728
vms: 0.7711346420100609
nmi: 0.7717523717485462
ari: 0.8703308806066541
