haydn_, handel_
acc: 0.5667613636363636
vms: 0.002735885717870045
nmi: 0.0027358990757748594
ari: 0.01057386704955434
