haydn_, chopin_
acc: 0.5915966386554622
vms: 0.06383206267846801
nmi: 0.06417533436698775
ari: 0.029747335272109307
