haydn_, scriabin_(c)contributors-kunstderf
acc: 0.8424015009380863
vms: 0.015266724621283081
nmi: 0.04461963122031019
ari: 0.01592177277755168
