haydn_, soler_(c)contributors-kunstderf
acc: 0.8962075848303394
vms: 0.02557017898033642
nmi: 0.06454185886214495
ari: 0.029367864028913896
