haydn_, schumann_(c)contributors-kunstderf
acc: 0.7054263565891473
vms: 0.005002735415547736
nmi: 0.005039822132981679
ari: -0.03749978292956308
