haydn_, scarlatti_
acc: 0.7208374875373879
vms: 0.24426440810320452
nmi: 0.244582565258566
ari: 0.19309574784172276
