haydn_, buxtehude_(c)contributors-kunstderf
acc: 0.8684719535783365
vms: 0.019205312498362225
nmi: 0.052653687750702075
ari: 0.02105995871656687
