haydn_, shostakovich_(c)contributors-kunstderf
acc: 0.8193430656934306
vms: 0.012740660131562285
nmi: 0.039098266932873584
ari: 0.0126386671031313
