haydn_, mozart_
acc: 0.5640703517587939
vms: 0.0029946389241436886
nmi: 0.012797076917706998
ari: 0.0007219472645242533
