haydn_, bach_
acc: 0.6930963773069037
vms: 0.0008042394709948011
nmi: 0.0042319070032636776
ari: -0.0007632974576376193
