haydn_, faure_(c)contributors-kunstderf
acc: 0.8667953667953668
vms: 0.01890533468319721
nmi: 0.05206273480226969
ari: 0.020668284793791385
