mozart_, beethoven_
acc: 0.5502577319587629
vms: 0.002200032185730702
nmi: 0.009317970966343053
ari: -0.0004817185391939258
