mozart_, schumann_(c)contributors-kunstderf
acc: 0.8389423076923077
vms: 0.018901187124349513
nmi: 0.05035878443157306
ari: 0.01964078963069483
