mozart_, soler_(c)contributors-kunstderf
acc: 0.8703241895261845
vms: 0.02484318385213488
nmi: 0.061405245429051875
ari: 0.027439410648714836
