mozart_, alkan_(c)contributors-kunstderf
acc: 0.6322463768115942
vms: 0.005375577511042746
nmi: 0.019334218440708522
ari: 0.0025562281433616886
