mozart_, handel_
acc: 0.5745033112582781
vms: 0.0026345704951241363
nmi: 0.009999454200095308
ari: -0.0008752622683698503
