mozart_, dvorak_(c)contributors-kunstderf
acc: 0.8450363196125908
vms: 0.019866557671801798
nmi: 0.05222383732110288
ari: 0.020905701454594236
