mozart_, brahms_
acc: 0.7489270386266095
vms: 0.01016648855227802
nmi: 0.031721003877697704
ari: 0.00834260202254925
