mozart_, scarlatti_
acc: 0.698781838316722
vms: 0.1993039092257219
nmi: 0.1993052444356105
ari: 0.15446529345709556
