mozart_, haydn_
acc: 0.585427135678392
vms: 0.025407396785308838
nmi: 0.0254074516189834
ari: 0.02784482572517452
