mozart_, scriabin_(c)contributors-kunstderf
acc: 0.8060046189376443
vms: 0.014742964701444955
nmi: 0.0419368028240346
ari: 0.014215249102344264
