mozart_, bach_
acc: 0.743947175348496
vms: 0.0007537620000775451
nmi: 0.0036973600283144227
ari: -0.0009633720042217796
