mozart_, mozart_
acc: 0.5
vms: 2.4382838403971654e-15
nmi: 5.67161299745124e-15
ari: -3.288797064483888e-05
