mozart_, chopin_
acc: 0.705050505050505
vms: 0.007891826962668269
nmi: 0.02612129973895757
ari: 0.005515941368637866
