mozart_, debussy_
acc: 0.659047619047619
vms: 0.004728377130834214
nmi: 0.01241622030104448
ari: -0.0037081888675273853
