scarlatti_, soler_(c)contributors-kunstderf
acc: 0.5953947368421053
vms: 0.01898127324736159
nmi: 0.020430844599057814
ari: -0.03284822775951719
