scarlatti_, haydn_
acc: 0.5493519441674976
vms: 0.0105302461444031
nmi: 0.010530487636064767
ari: 0.00845754841208251
