scarlatti_, dvorak_(c)contributors-kunstderf
acc: 0.896774193548387
vms: 0.020996157589085143
nmi: 0.057541520701203705
ari: 0.024060005361413016
