scarlatti_, brahms_
acc: 0.5170876671619614
vms: 0.054933073603402396
nmi: 0.05567776104801415
ari: -0.041173817375676006
