scarlatti_, chopin_
acc: 0.5982905982905983
vms: 0.1288440916457066
nmi: 0.13012732466587015
ari: 0.02940524306165567
