scarlatti_, mozart_
acc: 0.6157253599114064
vms: 0.0031303292676602536
nmi: 0.013923630574921112
ari: 0.001317130807237192
