scarlatti_, beethoven_
acc: 0.5656154628687691
vms: 0.0024437986815062456
nmi: 0.011418439299822813
ari: 0.0006036820468109878
