scarlatti_, byrd_(c)contributors-kunstderf
acc: 0.5159817351598174
vms: 0.0013366790878274614
nmi: 0.0013734476088617094
ari: -0.003365078903059339
