scarlatti_, schumann_(c)contributors-kunstderf
acc: 0.5377207062600321
vms: 0.0029495689930664486
nmi: 0.0031238864826516914
ari: -0.0069248510497170014
