scarlatti_, handel_
acc: 0.6855733662145499
vms: 0.0044971904938001794
nmi: 0.018502937501311614
ari: 0.002878104733042455
