scarlatti_, scarlatti_
acc: 0.5
vms: 2.514900373350702e-15
nmi: 9.290429604434388e-15
ari: -6.487166743273095e-06
