scarlatti_, debussy_
acc: 0.6256830601092896
vms: 0.0723882673977385
nmi: 0.07339767811764991
ari: -0.0923456326344795
