scarlatti_, buxtehude_(c)contributors-kunstderf
acc: 0.6201923076923077
vms: 0.004841527257468595
nmi: 0.005053695062677152
ari: -0.022722195478503862
