schumann_(c)contributors-kunstderf, handel_
acc: 0.5154320987654321
vms: 0.019438093441910182
nmi: 0.019592088165749217
ari: -0.023077186177774846
