schumann_(c)contributors-kunstderf, chopin_
acc: 0.6883720930232559
vms: 0.01645408375790225
nmi: 0.03955435788912356
ari: 0.010776896072042862
