schumann_(c)contributors-kunstderf, beethoven_
acc: 0.8608870967741935
vms: 0.001437071803492209
nmi: 0.003905761743160699
ari: -0.003361555015802893
