schumann_(c)contributors-kunstderf, haydn_
acc: 0.8701550387596899
vms: 0.0195142628203578
nmi: 0.053259055551425065
ari: 0.021463366909348146
