schumann_(c)contributors-kunstderf, debussy_
acc: 0.7061224489795919
vms: 0.023979936491734185
nmi: 0.024276107479657513
ari: 0.08189621460944016
