schumann_(c)contributors-kunstderf, faure_(c)contributors-kunstderf
acc: 0.5144927536231884
vms: 0.014011011538749158
nmi: 0.0298926121075695
ari: 0.0004263444314848552
