schumann_(c)contributors-kunstderf, buxtehude_(c)contributors-kunstderf
acc: 0.5036496350364964
vms: 0.01367049251611286
nmi: 0.02908989278345087
ari: -0.00021161781822020355
