schumann_(c)contributors-kunstderf, mozart_
acc: 0.8341346153846154
vms: 0.0018587269861367658
nmi: 0.004952240882871543
ari: -0.003837855445078636
