schumann_(c)contributors-kunstderf, byrd_(c)contributors-kunstderf
acc: 0.9
vms: 0.6189770040174563
nmi: 0.6190442456588214
ari: 0.6379433468221852
