schumann_(c)contributors-kunstderf, scarlatti_
acc: 0.8892455858747994
vms: 0.0010411845305351008
nmi: 0.002895057659626588
ari: -0.0027888841793653443
