scriabin_(c)contributors-kunstderf, alkan_(c)contributors-kunstderf
acc: 0.7024221453287197
vms: 0.003840973439683296
nmi: 0.010217848454420081
ari: -0.004025764895330112
