scriabin_(c)contributors-kunstderf, haydn_
acc: 0.6322701688555347
vms: 0.0301689716708248
nmi: 0.030868031968519897
ari: 0.05265325692813631
