scriabin_(c)contributors-kunstderf, brahms_
acc: 0.5714285714285714
vms: 0.014636395305134779
nmi: 0.027742566628464957
ari: -0.005310869364876484
