scriabin_(c)contributors-kunstderf, debussy_
acc: 0.6679389312977099
vms: 0.008912641683627251
nmi: 0.017898149864248564
ari: -0.007786212586510205
