scriabin_(c)contributors-kunstderf, mozart_
acc: 0.8314087759815243
vms: 0.15045833242533826
nmi: 0.18678214855981964
ari: 0.16402691474375924
