scriabin_(c)contributors-kunstderf, chopin_
acc: 0.6379310344827587
vms: 0.012687626736362891
nmi: 0.03215619206003038
ari: 0.0062802072178972535
