scriabin_(c)contributors-kunstderf, beethoven_
acc: 0.8323586744639376
vms: 0.0015266737287188568
nmi: 0.004441035643384416
ari: -0.0031048862635062024
