scriabin_(c)contributors-kunstderf, bach_
acc: 0.9218181818181819
vms: 0.0005237138700794577
nmi: 0.0016441284500401062
ari: -0.0016508938948254586
