scriabin_(c)contributors-kunstderf, handel_
acc: 0.5190615835777126
vms: 0.06891586305274316
nmi: 0.06892499621789235
ari: -0.058225704544944336
