shostakovich_(c)contributors-kunstderf, mozart_
acc: 0.7790178571428571
vms: 0.012275281481496295
nmi: 0.03657667366435989
ari: 0.011028239161902775
