shostakovich_(c)contributors-kunstderf, buxtehude_(c)contributors-kunstderf
acc: 0.5976331360946746
vms: 0.014950810245324827
nmi: 0.034016043552283694
ari: 0.0053132594961658956
