shostakovich_(c)contributors-kunstderf, brahms_
acc: 0.536697247706422
vms: 0.007856905621264816
nmi: 0.019877373142260173
ari: -0.0013994136456824422
