shostakovich_(c)contributors-kunstderf, haydn_
acc: 0.5127737226277372
vms: 0.0015314946619253435
nmi: 0.0015580070594704775
ari: -0.0038032331994486356
