shostakovich_(c)contributors-kunstderf, bach_
acc: 0.9094170403587444
vms: 0.0005457204291316564
nmi: 0.0018100305019551823
ari: -0.0016051419274389143
