soler_(c)contributors-kunstderf, bach_
acc: 0.9456928838951311
vms: 0.0021027434678184266
nmi: 0.0031151604829276233
ari: -0.008150919895273424
