soler_(c)contributors-kunstderf, scarlatti_
acc: 0.7450657894736842
vms: 0.007674168042600199
nmi: 0.007895182254316404
ari: -0.043991763673232674
