soler_(c)contributors-kunstderf, haydn_
acc: 0.6127744510978044
vms: 0.003008932440277886
nmi: 0.0031635128437369356
ari: -0.016714338117285923
