soler_(c)contributors-kunstderf, scriabin_(c)contributors-kunstderf
acc: 0.6086956521739131
vms: 0.00995312467113857
nmi: 0.020866178227809486
ari: -0.005448330806198855
