soler_(c)contributors-kunstderf, mozart_
acc: 0.8653366583541147
vms: 0.00173553960464523
nmi: 0.004289757545143389
ari: -0.004178990702247156
