soler_(c)contributors-kunstderf, beethoven_
acc: 0.8877338877338877
vms: 0.0013430837355654255
nmi: 0.0033777675568395686
ari: -0.0035969113797042172
