soler_(c)contributors-kunstderf, dandrieu_(c)contributors-kunstderf
acc: 0.5517241379310345
vms: 0.018395797310622672
nmi: 0.03677100536684982
ari: 0.00325322482365455
