soler_(c)contributors-kunstderf, handel_
acc: 0.6375404530744336
vms: 0.0008976729982591835
nmi: 0.000904675275605888
ari: -0.014417818284284135
