soler_(c)contributors-kunstderf, debussy_
acc: 0.7652173913043478
vms: 0.004021477285092424
nmi: 0.009289248149099781
ari: -0.006049404080310038
